 redshift        id         F0378               F0378_err         F0395               F0395_err         F0410              F0410_err         F0430               F0430_err       F0515              F0515_err       F0660              F0660_err       F0861              F0861_err      sdss.up             sdss.up_err      sdss.gp            sdss.gp_err      sdss.rp            sdss.rp_err     sdss.ip            sdss.ip_err     sdss.zp            sdss.zp_err 
 0.001825  T17-2421   0.004353464     0.00221983978877237   0.005555671    0.002832847974300494   0.003622382   0.001847059650368726   0.009944105    0.005070518053731221  0.02142684  0.0058153047033458185  0.02394177   0.003804269607523237  0.02602189   0.009987061773361422  0.001977089  0.00020511737051656572   0.01028078  0.0010453749469568321   0.01870795    0.00190227027250053  0.02754395  0.0028007364308938265  0.02992445  0.0030427915255525537 
 0.001825  T17-2479    0.01555942    0.006661922842366159    0.01177097    0.006002039591810854    0.02551938   0.008331586735483705    0.03034467    0.007904577150187922  0.04917519   0.008299300255000839   0.0903845    0.00959210908779378   0.1261074    0.01587186692123674  0.006137991   0.0006163970425944223   0.03944811   0.003961507661309941   0.06918728   0.006948011939858665   0.1066661   0.010711757044126911   0.1127266   0.011320372190793905 
 0.001825  T17-2601    0.01982152    0.005631159160026024    0.00874129    0.004457200828397347    0.02265188   0.007403181775576499    0.02220026     0.00699288687373827  0.03339898   0.006932161987323508  0.05586142   0.006388600289542304  0.07056488   0.011072363697266451   0.00831814   0.0008353347036023405   0.02466188  0.0024766262908171048   0.04207521   0.004225329589649783  0.06137991   0.006163970425944225  0.06427266    0.00645446978980342 
 0.001825  T17-2460     0.0031255   0.0015936985489734248   0.002257775    0.001151244368520537   0.004193295    0.00213816881283477   0.009353146     0.00476918739674823  0.01452683   0.005602272198393969  0.02600472   0.003925336373377446   0.0305278    0.00904850440530594  0.001458902  0.00016061683167975765  0.009376187  0.0009727527727057117   0.02070266  0.0021050972957912997  0.03251069   0.003305766755488931  0.03532045  0.0035914700492838923 
 0.001825  T17-2371    0.01909198    0.006785329566883911    0.02457174    0.011000061223392168    0.02440031   0.008738660825069824    0.02952634    0.007761453906700535   0.0519047   0.007706183109493571  0.09043647   0.009884674462635227   0.1041448   0.015494059612651554   0.01037591   0.0010419826680725303   0.04966223   0.004987242848112193   0.09290225    0.00932954645103796   0.1318336   0.013239159439627918   0.1330535   0.013361665706098324 
 0.001825  T17-2402   0.007330132   0.0037376486105210904    0.02504245    0.008922464676643668   0.002814812  0.0014352781315095135    0.01023945    0.005221116516426443  0.01998537   0.006659629712833365  0.03361789   0.004380629568066786  0.05240889   0.009928330554415733  0.002187894  0.00022698778872958696   0.01393241   0.001416681645064003   0.03048079  0.0030609801854346026  0.04699225  0.0047191147558200116  0.05058552  0.0050799626348647505 
 0.001825  T17-2279   0.002732021   0.0013930633293448688   0.002541135    0.001295729204877026   0.006645818   0.003388715566578618    0.01776702    0.006680792447107229  0.01855174   0.005888573184337696  0.02952564   0.004072366263593195   0.0346713   0.008706656964692935  0.001786596   0.0001903985435157846  0.008954189  0.0009289716879306764   0.01836649  0.0018675497863574857  0.02805603  0.0028528059888563123  0.03133475  0.0031861942750309124 
 0.001825  T17-2342  0.0008999143    0.000458868106655153    0.01638957    0.008357072744358816    0.01400771   0.007142558663074878   0.008056905    0.004108231091125991     0.01598   0.006388472370407186  0.03060364  0.0043108915171199795  0.04009528   0.009847185163891659  0.001445527  0.00015914431241967274  0.008472786  0.0008790274819906657   0.02421175    0.00243142277517244  0.04018151   0.004035158071512709  0.04966223   0.004987242848112193 
 0.001825  T17-2352   0.004932889   0.0025152902172290597    0.01622642    0.008273885182736584    0.01166392   0.005947453607337176    0.01468053    0.006299216414755887  0.02615628   0.006187337366835592  0.07061229   0.007633910002832166  0.09225648   0.012778219043807045  0.004487725    0.000456322891578488   0.01836649   0.001844422736236975   0.05058552  0.0050799626348647505  0.07943762   0.007977384466304088  0.09638873   0.009679670118844857 
 0.001825  T17-2511    0.01899456    0.005366816658729549   0.004271214    0.002177900353273069    0.03763813   0.008254748750057083    0.03900394    0.007584426079746575  0.05987428    0.00820811356391132  0.09098888   0.009555176600795245    0.106715   0.013369939055936045  0.007727273   0.0007759979151784792   0.03767266   0.003783211181951121   0.07379488   0.007410722138032164    0.100006   0.010042928188304748   0.1047192   0.010516243026200018 
 0.001825  T17-2492   0.005206939     0.00265502884699907    0.01099882    0.005608317819488121    0.02081327   0.008347182768884001    0.02554231    0.006691813063631261   0.0267817   0.006800290990213654   0.0512943   0.005954187635829426  0.05261647   0.010439476531957195  0.007112565   0.0007142669362470797   0.02333599  0.0023434760995945233   0.04092854   0.004110177256480022  0.05701987   0.005726121007967852  0.05915974   0.005941013718193697 
 0.001825  T17-2517    0.01474722    0.005859690779214207    0.01763515    0.008777972622036709    0.03842646   0.008348546700354799    0.04497649     0.00909772587600231   0.0634154   0.008665829644212723   0.1155756   0.012127903266659246   0.1507266   0.017841657215804843  0.008872096    0.000890964769483093   0.04920693   0.004941520136663187   0.09638873   0.009679670118844857   0.1367811    0.01373600348470038   0.1499775   0.015061228910976556 
 0.001825  T17-2467   0.006587107   0.0033587782228220262    0.02557412    0.010990185376864395    0.02211573  0.0073542900280373765     0.0127974    0.006525420212905909  0.03826754   0.006754488202519271  0.06273556   0.007057473468606169  0.08549874    0.01137700743718927  0.007178377   0.0007208759914944277   0.02704122  0.0027155673581668784   0.04656142  0.0046758494127265866  0.06607334   0.006635299940862388  0.06982746   0.007012300902190385 
 0.001825  T17-2475   0.002357465   0.0012020764940515432    0.01613109    0.008225276229713504   0.009784456   0.004989113207389001   0.003947234   0.0020127023190716904  0.01300077   0.005729044131425241  0.02667472   0.003931982406752223  0.04194043    0.00889580108209761  0.002704122   0.0002805449788008378   0.01096544    0.00111499287352745   0.02051286  0.0020857979560697654  0.02884206  0.0029327314287725175  0.03104747  0.0031569829564843015 
 0.001825  T17-2668    0.01155377    0.005864016573892847    0.01116105    0.005691039213057138    0.03085495     0.0080499266176723    0.01271623    0.006484028529772059  0.03504339   0.006729137541007912  0.05411336   0.006024833548001222  0.05269506   0.009311260382361563  0.006309955   0.0006336662267704497   0.02606311  0.0026173423695097686   0.04571158   0.004590505705010358  0.06855297  0.0068843124561065805   0.0744777   0.007479293145353041 
 0.001825  T17-2755   0.002201475   0.0011225359080783341   0.002910476   0.0014840573917843474   0.006855729   0.003495749104800058    0.01040161    0.005303800255697513   0.0192448   0.006302013347243958  0.03541106   0.004603537123169205     0.05897   0.010613690009818875  0.003221263  0.00032754592955466094   0.01803127   0.001810758842259181   0.04285744   0.004303883672867398  0.06918728   0.006948011939858665  0.07727273  0.0077599791517847915 
 0.001825  T17-2772     0.0097582    0.004975725221754111   0.003556995   0.0018137191817655374   0.009865252   0.005030311245451025    0.01792193    0.006493893270246209  0.02570448   0.006451514906458792  0.03343634    0.00444187582360876  0.06254086   0.010051928591011379  0.004487725    0.000456322891578488   0.01786596   0.001794157870246721   0.03251069   0.003264829355791534  0.04405815   0.004424462876340499  0.05296955   0.005319374678435544 
 0.001825  T17-2756    0.01767583   0.0055011466782380015    0.01047596    0.005341712446361747   0.009581058   0.004885400170286426    0.02201093    0.006962546770147401  0.03389472   0.006795858671787179  0.05233317   0.005900183358244471  0.05518008   0.009683428431922447  0.005058552   0.0005143659832879312   0.02187894   0.002197154396689557   0.04092854   0.004110177256480022  0.05701987   0.005726121007967852  0.06137991   0.006163970425944225 
 0.001825  T17-2759    0.03227732    0.006580794907433676    0.02771562       0.008886299089089    0.07031128   0.010361584723778888    0.06738509    0.009756343744308418   0.1136044   0.012642586193570088   0.1759811   0.018057317946435014   0.2030817    0.02193151228883052   0.01923208    0.001931348095300275   0.08551184    0.00858737740483226    0.1406133    0.01412084540734428   0.1905576    0.01913641463774236   0.1977089   0.019854571477754334 
 0.001825  T17-2631   0.003139659   0.0016009177604123861   0.002796152   0.0014257633610971494   0.006375035  0.0032506422961933617   0.008289794    0.004226982136966439  0.01321833   0.006083749116727695   0.0344432   0.004368928841234313  0.03367833   0.008281960940606398  0.001393241  0.00015918284846416588  0.008241879  0.0008550715353692112   0.02333599   0.002372860728968314  0.03872811   0.003889202902693816  0.04742706   0.004762779796573883 
 0.001825  T17-2630   0.008974657    0.004576195607370547     0.0332643    0.009528093734760169     0.0287306   0.008679774509564692    0.02470181    0.006813711845076074  0.04420646   0.006920766710555992  0.09568505     0.0100257593955288   0.1252704   0.014647139206893476  0.007311833   0.0007342780780048325   0.03664597   0.003680107635027624   0.06607334   0.006635299940862388   0.1009314   0.010135859819168463   0.1137696   0.011425113703331316 
 0.001825  T17-2658   0.004176871   0.0021297941831856454   0.005974241   0.0030462776340809466    0.01389754   0.007086384726254989    0.02563226    0.006927968080344842  0.02208433   0.006672101874194743  0.04823081   0.006037721353141928  0.04930998   0.010308657428003562  0.006546757   0.0006574466549394481   0.02512038  0.0025226703591538255   0.04130725   0.004148208543402735  0.05649711   0.005673623746372223  0.05970714    0.00599598541406745 
 0.001825  T17-2618    0.01008131    0.005140480621838487    0.01801333     0.00861632050116626    0.01253819  0.0063932465669327195    0.02044533    0.007569298954520029  0.04157743   0.006842069227341828  0.07756236   0.008213021867231147    0.101444    0.01305624927835081  0.005701987   0.0005726121007967852   0.03048079  0.0030609801854346026    0.0636834    0.00639529438971324  0.09290225    0.00932954645103796  0.09908918   0.009950858104167602 
 0.001825  T17-2705   0.002895933   0.0014766413974153948     0.0118471    0.006040861369109873    0.01498331    0.00763791469228624        0.0153    0.006642826479442618  0.02901725  0.0067884242156527755   0.0306947   0.004234035018668245  0.03645348   0.010089726572153727  0.004571158  0.00046480656510473526   0.01527658  0.0015533601627665137   0.02535282  0.0025460127360815796  0.03698505    0.00371415914884123  0.03981312   0.004048295753303486 
 0.001825  T17-2698   0.004388673    0.002237793416868119    0.01611053    0.008214790684432196     0.0136615  0.0069660255084947826    0.01301529    0.006636520787926231  0.02978022   0.006749064220135189  0.05773167   0.006490871501760761  0.06689758   0.010720854700541604  0.003162469    0.000321567608720062   0.01923208   0.001931348095300275   0.04168946   0.004186591317574096  0.06194785   0.006221004808125585  0.06855297  0.0068843124561065805 
 0.001825  T17-2650   0.005632711   0.0028721298400525364  0.0007957421  0.00040575040053969643    0.01777561   0.007889047517207764    0.02596123     0.00649105347774689  0.03593979   0.006582295639276695  0.04790587   0.005661031419343475  0.05783922     0.0093960291984781   0.00483088   0.0004912157343628256   0.02070266  0.0020790285325733176   0.03837304   0.003853545627741475  0.05345967   0.005368594127291044  0.05495741   0.005519002055353664 
 0.001825  T17-2648    0.03740934    0.006357428009936487    0.03362174     0.00948941432001475    0.05758642   0.009963894030280732    0.06072856    0.008817852176462079   0.1063999   0.012553857287948755   0.1587741    0.01623083957318598   0.1949586    0.02118361961462132   0.01888105   0.0018960965202346135   0.07311833  0.0073427807800483256    0.1294274   0.012997520901791234   0.1721973      0.017292613492845   0.1753987   0.017614108506485957 
 0.001825  T17-2699     0.0186926   0.0065089670459059015    0.02822834    0.010792937012419557    0.03194334   0.009778212286189178    0.04908258    0.008737120757082679  0.07093809   0.009941847429400734   0.1377116   0.014173292015642977   0.1828991    0.02013203847067346   0.00972806   0.0009769234615043098   0.05248392  0.0052706061341796446    0.1066661   0.010711757044126911   0.1584989   0.015916975646187975   0.1675044   0.016821337304837838 
 0.001825  T17-2701     0.0137523    0.005564280974083624    0.01482535    0.007559472933422938    0.02758957   0.009962444743969876    0.02119653    0.008212552197290012  0.04011599   0.007800063173975068  0.06692691   0.007514622624657209  0.06816477    0.01145880806233397  0.007943762   0.0007977384466304087   0.02965011  0.0029775605900459455   0.05200274   0.005222284483867669   0.0744777   0.007479293145353041  0.07798772   0.007831780784733842 
 0.001825  T17-2742   0.007920431    0.004038642732216185   0.008633448     0.00440221198215886   0.003089338  0.0015752594746083707    0.01012129    0.005160863560111815  0.02357418   0.005758684790915804  0.02985124   0.004227717371182823   0.0397397   0.008619501077550893  0.001995383   0.0002070153205660656    0.0107653   0.001094642131766195   0.02270002  0.0023081937386718733  0.03467578  0.0034822547327607286  0.03664597  0.0037262521793790934 
 0.001825  T17-2797    0.01090679    0.005561394484646544   0.003137709   0.0015999234516072354    0.01131956   0.005771863771367096   0.007681899    0.003917014799954554  0.01504193   0.005486401198160594  0.03664909   0.004569347758750914  0.05279161    0.00949427661878176  0.003221263   0.0003341968934594246   0.01294274  0.0013160495697939383   0.02606311  0.0026173423695097686  0.03908645   0.003925188578402986    0.043254   0.004398172866677435 
 0.001825  T17-2799    0.01281025     0.00526400697018545    0.01430144   0.0072923341244090015    0.02163314   0.007847275537217487    0.01985008    0.006913959501743774    0.075674   0.009359044323348406   0.1438403   0.014673980041491846   0.2220352   0.023509177516847012  0.006792447    0.000690672680971486     0.043254   0.004343707514492199    0.1037591   0.010419826680725304   0.1819811    0.01827513462603666   0.2167835   0.021770104959439218 
 0.001825  T17-2589   0.002549667   0.0013000796883260233    0.01010186   0.0051509591069389205    0.01876361   0.007666638158003936   0.003598116   0.0018346863696170417  0.01961312   0.005828493117257067  0.02812554  0.0038858499318573797  0.02744583   0.008118385814346223  0.001958963  0.00020323684945430668   0.01056881   0.001074662542650059   0.02376984  0.0024169756594594745  0.03597711   0.003612938529359579  0.03908645   0.003974406174515359 
 0.001825  T17-2544    0.02800268   0.0070687285164960185    0.02606671    0.010036938920516405    0.05593293   0.009267281090489164     0.0551551    0.008383262328135986  0.09835621   0.011301357258749147   0.1600499   0.016446662223057174   0.1795082    0.01986291938814927   0.01737906   0.0017452617881925337    0.0744777   0.007479293145353041    0.1330535   0.013361665706098324   0.1888105   0.018960965202346136   0.1941003    0.01949218415554809 
 0.001825  T17-2553     0.0145675   0.0057158512027956085    0.02074113    0.009677825322291883    0.02679352   0.008220306880815643    0.02488652    0.007016634192973437  0.05429701   0.008108409558328748  0.08525482   0.009390196890196073    0.109535   0.014693153131725539  0.009638873   0.0009679670118844856   0.05105359   0.005126967740651175   0.08166317   0.008200881437265653   0.1106691   0.011113751366577355   0.1127266   0.011320372190793905 
 0.001825  T17-2534    0.02002291   0.0055529226193962045    0.02867731    0.009157030188329075    0.02346644   0.008652643241736077    0.03606182    0.008105222047172614  0.07874977   0.010110313830348343   0.1274331    0.01306712078971967   0.1711678   0.018963549142036285    0.0116957    0.001174520278632072   0.05597914  0.0056216075197371256    0.1018653   0.010229645103848717   0.1393241   0.013991379742876828   0.1419143   0.014251496095397878 
 0.001825  T17-2829   0.003695614   0.0018844007900706684  0.0004999342   0.0002549174241312398    0.01170426   0.005968025013216348    0.01436487    0.006946521954442597  0.02978536   0.006277541223195671  0.04244146    0.00499022810674432  0.07218114    0.01094733875961117  0.004246452  0.00043178966134808233   0.01958963  0.0019672544344514365   0.03767266   0.003783211181951121  0.05200274   0.005222284483867669  0.06309955   0.006336662267704497 
 0.001825  T17-2851   0.007279901    0.003712036215892702    0.02763844     0.00911526768493674    0.02179529   0.008313200139311578    0.01963538    0.007179364611904664  0.04227833   0.007014606802150638  0.07239529   0.007792146412071388  0.08580456   0.011662405257982249  0.006137991   0.0006241259933032833   0.03104747  0.0031178880347744755   0.05649711   0.005673623746372223  0.08166317   0.008200881437265653   0.0912066   0.009159263748878425 
 0.001825  T17-2911   0.005641708   0.0028767179181992523    0.02724766    0.009699863936621225     0.0225364    0.00850322715094834    0.02814371   0.0068839117711285355  0.05291416   0.007496703801145207    0.102443   0.010635655764489748   0.1266418   0.014896179867396338  0.005012175   0.0005096502553716936   0.03664597   0.003680107635027624   0.07178377   0.007208759914944276   0.1096544   0.011011851955762255   0.1236022   0.012412535357094617 
 0.001825  T17-2889    0.00504973   0.0025748671808374893   0.002358236   0.0012024691381656996  0.0006558982  0.0003344437720730383      0.015188    0.006323209307402057  0.01367129   0.006273595714737283  0.02419688  0.0036554417488441804  0.03362975   0.008570667131152917  0.003162469   0.0003280971771092028   0.01096544    0.00111499287352745   0.01977089   0.002010352624214441   0.0267933  0.0027244085119142486  0.03048079  0.0030993615309406245 
 0.001825  T17-2962    0.03518839    0.007070594338193219    0.03869515    0.010086348026295443    0.06597663   0.010425022511591714    0.06374562    0.010100884120179432  0.09891895   0.013681637560730407   0.1536368   0.020465153742263948   0.1044329    0.02670406269477549   0.02312205   0.0023219915445316787   0.09818073   0.009859628591065558    0.1570458    0.01577105057104393   0.2128268     0.0213727602210208   0.2466188   0.024766262908171046 
 0.001825  T17-2198  0.0002574752  0.00013128710690662052    0.01736104    0.008852427193045813    0.01181794    0.00602599164762755    0.01860969    0.007112336795744209  0.02297212   0.006149807698651479  0.02663511  0.0040873477175406795  0.03943785   0.010353041527380686  0.003837304   0.0003901864894520793   0.01445527  0.0014698473263063108   0.02070266  0.0021050972957912997  0.03076283   0.003089303552850094  0.03191731   0.003245430396132884 
 0.001825  T17-2369    0.01220434    0.005647083572140579    0.01658648    0.008457477537600972    0.01357664   0.006922757190063797    0.02161998     0.00659926101665732  0.03463125   0.006465525661010171  0.04294993   0.005137720049938299  0.06491719   0.010371678541355058  0.005649711   0.0005673623746372221   0.01923208   0.001931348095300275   0.03664597   0.003680107635027624  0.05058552  0.0050799626348647505  0.05345967   0.005368594127291044 
 0.001825  T17-2194    0.02913093   0.0069158939617733435    0.02213879     0.00932761560479858    0.03075287   0.008811790029528054    0.04286387    0.008119382442300213  0.05920226   0.008249699872181776  0.08682964   0.009334380616146793   0.1142601   0.014870372028187494   0.01342846    0.001348529679046216   0.04699225  0.0047191147558200116   0.08166317   0.008200881437265653   0.1148223   0.011530829198527052    0.116957   0.011745202786320722 
 0.001825  T17-2233    0.01256849    0.006404845902072118    0.02118904    0.009934234135458858    0.03507242   0.008503450349772615    0.02225658    0.007908179989083962  0.04020891  0.0071116142160539755  0.05135524   0.005880554943161403  0.06837209   0.010854829166781115  0.008790756   0.0008827963417464414   0.02884206  0.0028964135793631135   0.04656142  0.0046758494127265866  0.06486736   0.006514191510359996  0.06792447   0.006821196448707899 
 0.001825  T17-2361    0.01891559    0.005427510847525779    0.02132423    0.010873261585330734    0.02961808    0.00816214287591739    0.03605988    0.007145000863285672  0.05819844    0.00824756615461416   0.1698859     0.0172531453953243   0.2370433    0.02489047680025879  0.007870934   0.0007904248208778622   0.04656142  0.0046758494127265866    0.1116931   0.011216584745209259   0.1995383   0.020038285837834437    0.222857   0.022380025605278495 
 0.001825  T17-2358    0.00470821   0.0024007254664092687   0.003584539   0.0018277629405331014   0.006242844  0.0031832383376315635    0.01063249    0.005421528379388694  0.04040537   0.007218583949336462  0.05908281   0.006675813427514733   0.1048493   0.013469208016438236  0.005861736    0.000596035707870594   0.02443578  0.0024539205979239856    0.0487558   0.004896216189539251  0.07516683   0.007548497821838158  0.08091448   0.008125695548699446 
 0.001825  T17-2415   0.000389071  0.00019838806211730582   0.006086787    0.003103665059098628    0.01149509   0.005861368822050529   0.004575664   0.0023331400023644017  0.02108423   0.005542007792341147  0.04277566   0.004954507633618199  0.05104214   0.009515630036158247  0.004487725  0.00046558871974781567    0.0130625  0.0013282270495002014   0.02376984  0.0024169756594594745  0.03342152   0.003398382183623826  0.04092854   0.004161714397071784 
 0.001825  T17-2327   0.007955263    0.004056404617566607   0.008560659    0.004365097219311709   0.003780183   0.001927522197904836   0.004339021   0.0022124747845985522  0.01466686    0.00584944368330502  0.02868058   0.003907999668926931   0.0531084   0.009414923346450358  0.001614456   0.0001777424366232288  0.009205052  0.0009549980116482129   0.02089422  0.0021245755748209197  0.03597711   0.003612938529359579  0.04285744   0.004357849691715272 
 0.001825  T17-2346   0.002231822   0.0011380103928865677   0.006786426    0.003460411860155343   0.001438612  0.0007335509679908071   0.007987177    0.004072677628442287  0.01784235   0.005933000798472389  0.02700432  0.0038728998068279534  0.03342158    0.00933352887579762  0.002729143   0.0002775059575818489  0.009290225  0.0009638344640387218   0.01923208  0.0019555650914986184  0.03221263  0.0032348971940238678  0.03404288  0.0034615635798859743 
 0.001825  T17-2387     0.0019514   0.0009950228639986319    0.00493069    0.002514168452547681   0.004280117   0.002182439520055685   0.001607123   0.0008194749576582436  0.01673866   0.005320795288729402  0.03021908   0.003969562262073742  0.03159634   0.007845360068386409  0.001499775  0.00016511671630526723   0.00972806  0.0010092585945982527   0.02187894  0.0022247043006332345  0.03732727   0.003748525998973278  0.04446581   0.004521392705856169 
 0.001825  T17-2211    0.01615448    0.006079639221390772    0.01530911    0.007806143101412502    0.02275126   0.008723731210865681    0.02657703   0.0076515698727015495  0.04219633    0.00671298477122457  0.06049942   0.006640420081785489  0.08314016   0.011152295234450889  0.006137991   0.0006163970425944223   0.02729143  0.0027406942593138496   0.05296955   0.005319374678435544  0.07516683   0.007548497821838158  0.07311833  0.0073427807800483256 
 0.001825  T17-2285    0.01338719    0.006771852574343449    0.02656029    0.010002898864482485     0.0197549   0.007382462886068646    0.02516639    0.006972132616369399  0.04467741   0.007071588613767771  0.08267232   0.008799493499704684   0.1176647   0.014006880535250382   0.00602596   0.0006051465242049232   0.03404288   0.003418696856202119   0.06855297  0.0068843124561065805   0.1037591   0.010419826680725304   0.1086491    0.01091089637890146 
 0.001825  T17-2232    0.02864234   0.0067546814718686034    0.04608982    0.010792201041500525    0.04712384   0.008790554090655775    0.05598788    0.008630266003222902   0.1033877   0.011739752217883478   0.1442072   0.014751074038334465     0.18722    0.02051180630669235   0.01995383    0.002003828583783443   0.07516683   0.007548497821838158     0.130625    0.01311778785718846   0.1941003    0.01949218415554809   0.2108756   0.021176814383501972 
 0.001825  T17-2264   0.009812215    0.005003267085366445    0.01709129    0.008714882122247322   0.008450023   0.004308682726440447   0.006211621   0.0031673171787139362   0.0193704   0.005664755529863933  0.03815651   0.004981785197191564  0.05956792   0.010375930445136235  0.002831563   0.0002937666220337675   0.01330535   0.001352920640313378   0.02910893  0.0029232135370682796   0.0478659   0.004806849541429156  0.05495741   0.005519002055353664 
 0.001825  T17-2331   0.007978691    0.004068350600483052   0.006004302    0.003061605306350419     0.0227151   0.007918934305601734    0.01667736    0.006684059017592529  0.02107786    0.00593367589198635  0.03517765   0.004889101827966053  0.08118206    0.01393369143460684  0.003373077   0.0003499471606767565   0.01180392  0.0012002515464411784   0.02208138   0.002245288917914755  0.03048079  0.0030993615309406245  0.03435787   0.003493592548754099 
 0.001825  T17-2522    0.01634473   0.0055118320536029575    0.01826897    0.009315382471743443    0.03868225   0.009180666716362652    0.04458392    0.007572009727652495  0.05817681    0.00826316834796351  0.09266281   0.009719498570481195   0.1043483   0.013050688479544863   0.01047192   0.0010516243026200017   0.04168946   0.004186591317574096   0.07244797   0.007275461050090177    0.100006   0.010042928188304748  0.09818073   0.009859628591065558 
 0.001825  T17-2596    0.01255983    0.005859005425999365    0.01090504    0.005560503136812351    0.02225338   0.007666672863364719    0.04140112    0.007555367099959141  0.06232082   0.008020158170388723  0.09610305   0.011052565313700977   0.1145261   0.020145072676426363   0.00831814   0.0008353347036023405   0.04246452   0.004264425369543392   0.08472786   0.008508647591747602   0.1270651   0.012760291097701063   0.1432274   0.014383361955741643 
 0.001825  T17-2602    0.02127966    0.006021898857950124      0.016312    0.008317518669411208    0.03121734    0.00826476908071484    0.03508347    0.007168783114929967    0.077707   0.009532273430820215   0.1165601   0.012050315551717972   0.1670332   0.018579700549116746   0.01056881   0.0010613543165023719    0.0483088   0.004851326996084706   0.09376187   0.009415872281953633   0.1432274   0.014383361955741643   0.1513653   0.015200596295697614 
 0.001825  T17-2687    0.01520793    0.005590576261026496    0.01666069    0.008495320303153378    0.01180482  0.0060193027146064025    0.01470827    0.006656718561962643  0.02486315   0.005854476011245584  0.05271223   0.006026534623008898  0.07343717   0.011281471862554548  0.006194785    0.000629900949476257   0.02208138  0.0022174840768702264   0.03872811   0.003889202902693816  0.05546592   0.005570068289892325  0.05807995   0.005832577693533812 
 0.001825  T17-2636    0.01222797    0.005905481829894407   0.007823504    0.003989219956067121    0.01946835   0.008239605711613935   0.006207008   0.0031649654913026523  0.04283508   0.007220003279591568  0.06892654   0.007560545929339494   0.1135085   0.014753247189466495  0.003251069  0.00033728918127023716   0.02089422  0.0020982656085072765   0.05105359   0.005126967740651175  0.08710162   0.008747028296750352   0.1009314   0.010135859819168463 
 0.001825  T17-2732   0.003533047   0.0018015080498343854   0.004279843   0.0021822998069210126   0.002588919  0.0013200943597207776   0.009663748    0.004927563962644325  0.02498309   0.007697944745006748  0.04687826   0.006490266309597858  0.05931556   0.011720097317835548  0.003597711   0.0003658240827113606   0.02270002  0.0022796099214150677   0.04405815   0.004424462876340499  0.06427266   0.006535401775382444  0.06730173   0.006758658874535584 
 0.001825  T17-2743    0.01870209    0.005692833053777092    0.01076558      0.0054893912300951    0.04076418   0.008230823903802097    0.03390976    0.008067126315107814  0.06425045   0.009136710518147382   0.1087091   0.011390283925558178   0.1327305   0.015961784152642242  0.007870934   0.0007904248208778622   0.04656142  0.0046758494127265866   0.09205052   0.009244012944059498   0.1342846    0.01348529679046216   0.1499775   0.015061228910976556 
 0.001825  T17-2686   0.005711168    0.002912135707740668   0.004414794   0.0022511120754492345    0.00767128   0.003911600641423406   0.007645161    0.003898282022065516  0.01842983   0.006739934579245855  0.03740398   0.004528771356322265  0.05372135   0.009328013535300054  0.002779881   0.0002884047629941843   0.01599655  0.0016265684543585277   0.02992445  0.0030051107093603657  0.04405815   0.004424462876340499   0.0487558   0.004896216189539251 
 0.001825  T17-2647   0.004827608   0.0024616067395976634   0.007716176    0.003934493199431632   0.004433185   0.002260490172527023   0.004337234   0.0022115640801018085   0.0220081   0.006688977432389499  0.02930182   0.004035290212630189  0.03525532   0.008717513595509215  0.002884206   0.0002992281811861351   0.01056881   0.001074662542650059   0.01853644   0.001884830702283481  0.02992445  0.0030427915255525537  0.03281151   0.003336354869678758 
 0.001825  T17-2692    0.01161226   0.0054686204131715885    0.01561378    0.007961496890094476    0.02144723   0.008185990297341733     0.0204746    0.006935790677926778   0.0419334   0.006907861168323015  0.07204919   0.007735142979768441  0.09913195   0.013373172864411571  0.006792447     0.00068211964487079   0.02831563   0.002843547764596291   0.05248392  0.0052706061341796446  0.07586234   0.007618343202185106   0.0831814   0.008353347036023405 
 0.001825  T17-2726    0.01600391    0.005064356814981544    0.03051639    0.009731249433374216    0.02248861  0.0071014894655527724    0.02384653    0.006835426834305082  0.06198779   0.008326610015162534   0.1146628   0.011866106022422688   0.1616893    0.01836286425771862  0.007112565   0.0007142669362470797     0.043254   0.004343707514492199   0.08472786   0.008508647591747602   0.1236022   0.012412535357094617   0.1380468   0.013863109151563512 
 0.001825  T17-2573  0.0003876762  0.00019767685087554993   0.008365344    0.004265505229391633   0.005497435  0.0028031533242611345   0.006990417    0.003564427759405413  0.02152852  0.0060455741475999615  0.01307182  0.0033539854973575842  0.02882719   0.009771897152819661  0.001432274  0.00015768524210623645  0.008872096  0.0009204547758505955   0.01737906  0.0017671454684939807  0.02558741  0.0026017906237281586  0.03435787   0.003493592548754099 
 0.001825  T17-2448   0.007498843   0.0038236741883465293   0.002190915     0.00111715134347198    0.01403308   0.007155496836742226   0.001389624   0.0007085721853718223   0.0140636   0.005617399238759517  0.02536267   0.004032753559457111  0.03737332   0.008693234856280428  0.001706186  0.00018182920550120654  0.008790756  0.0009120159837421273   0.01599655  0.0016265684543585277  0.02831563   0.002879202752370045  0.03221263  0.0032754592955466094 
 0.001825  T17-2533    0.01539211     0.00518395822068909   0.007279881   0.0037120260178536745    0.02807622   0.007488252453213167    0.02401249    0.007210990297705372  0.03992096   0.007119587593847343  0.06083689   0.006644940827510881  0.09593283   0.012375390706598844  0.007727273   0.0007759979151784792   0.02754395  0.0027660531495655757    0.0478659   0.004806849541429156  0.06855297  0.0068843124561065805  0.07516683   0.007548497821838158 
 0.001825  T17-2713   0.001581047   0.0008061788524326659   0.006497665   0.0033131725530692255   0.005687256  0.0028999429322797646     0.0006351  0.00032383872930827774  0.01948191   0.005600166498561449  0.01008058  0.0031859634923088807  0.01859943   0.008389715779795463  0.001086491  0.00012927275235157795  0.004699225  0.0005369035563783219  0.009638873  0.0010272201667733797  0.01445527  0.0014996932257105818  0.01570458  0.0016736459696865403 
 0.001825  T17-2731    0.02938179    0.006633789472629501    0.02042452    0.010414502603576611    0.04450081   0.010095852447276853    0.05489329    0.009617699482654727   0.0671538    0.00942664759100079   0.1033291   0.011042448488223479   0.1058744   0.014185471232490834   0.01599655   0.0016064256312428409   0.05754747   0.005779104320136491   0.09638873   0.009679670118844857   0.1367811    0.01373600348470038   0.1445527   0.014516452854513048 
 0.001825  T17-2679  0.0002862041  0.00014593598004799263     0.0122306    0.006236408767456156    0.01113919   0.005679894717561761    0.01021357    0.005207917312183249  0.01821884   0.005624613045764571  0.03109736   0.004277460441123564    0.052335   0.009302938472474383  0.003281151  0.00033363548696787573   0.01472401   0.001497173491903313   0.03020134   0.003032916900056637  0.04571158   0.004590505705010358  0.05058552  0.0050799626348647505 
 0.001825  T17-2684   0.009410762    0.004798565907577746   0.007013978    0.003576441068991049   0.009968367   0.005082890275455776    0.01033743   0.0052710757290399465   0.0361261   0.006466210069611179  0.06513262   0.007092926234784908  0.08649675   0.011815293212064143  0.003191731  0.00032454303961328845    0.0203248   0.002041082593606366   0.04613455   0.004632981729865445  0.07047357   0.007077185363671017  0.08630307   0.008666835307162672 
 0.001825  T17-2856    0.04255279     0.00728989546883527    0.04721827    0.009734267154592226    0.04339367   0.008843626043551253    0.05165638    0.008297205441497035  0.09869574    0.01140596781112151   0.1494577   0.015170696454798013   0.1858714   0.020303665365854536   0.01941003   0.0019492184155548093   0.07178377   0.007208759914944276    0.1213462   0.012185980539702171   0.1659687   0.016667117248021147   0.1786596   0.017941578702467213 
 0.001825  T17-2741    0.02252605    0.005478374515332902    0.01008956   0.0051446863323565215    0.01504031   0.007669081456887128      0.030773    0.006893220669817846  0.04831142   0.007568155487155705  0.08119745   0.008569384260021604   0.1026199   0.012479076758898634   0.01009314   0.0010135859819168464   0.03802124  0.0038182167168598815   0.06668471   0.006696695713762438  0.09290225    0.00932954645103796   0.1018653   0.010229645103848717 
 0.001825  T17-2859    0.01036664   0.0052859689844584785    0.01462773    0.007458708070956659   0.003528963  0.0017994246296843582   0.006430594    0.003278972428999268  0.02012848    0.00647446386399932  0.04074353  0.0049360465616962125  0.07239716   0.010633288351271256  0.002910893  0.00030199688457398444   0.01541794  0.0015677339677748934   0.03467578  0.0034822547327607286  0.05445356   0.005468403800508668  0.06546757   0.006574466549394481 
 0.001825  T17-2753    0.03054017    0.006009552787366544    0.03069811    0.009445192963566282    0.04198812   0.008586102988489481    0.05609263    0.008502015296195249  0.08500235    0.00982921267563959   0.1413503   0.014507433494931523   0.1730396    0.01939813396246804   0.01721973   0.0017292613492845001   0.06855297  0.0068843124561065805    0.1202337   0.012074259621746958   0.1706186   0.017134075331824157   0.1836649    0.01844422736236975 
 0.001825  T17-2818    0.01180197    0.005728880110703836    0.01771029    0.009030512410719393    0.01459654   0.007272284806096362     0.0170727    0.006836618770495836  0.03420881   0.008319120058617378  0.08338718   0.010552205988524153  0.07595316   0.012689874890193206  0.005915974   0.0005941013718193697   0.02333599  0.0023434760995945233   0.03981312   0.003998163147942034  0.05345967   0.005368594127291044  0.06607334   0.006635299940862388 
 0.001825  T17-2749   0.001324664     0.00067544866043732    0.01267196    0.006461458112127402   0.008114515   0.004137607523124475     0.0144898    0.006818344504057345  0.01272342   0.005921955253624262  0.02956996   0.004137098393465764  0.04645182    0.00919075745796901  0.003342152  0.00033983821836238256  0.009462944  0.0009817535692443395    0.0222857  0.0022660646563841223  0.03281151   0.003336354869678758   0.0452925  0.0046054525389809375 
 0.001825  T17-2447   0.005372054   0.0027392208174074175   0.007686286    0.003919252230105503    0.02745133   0.007485890254586558    0.01960786    0.006432101747360423   0.0549385   0.007671401586542319  0.08628414   0.009253831048348569   0.1332975   0.015252355374087671  0.005701987   0.0005726121007967852   0.02992445  0.0030051107093603657   0.06427266    0.00645446978980342   0.1137696   0.011425113703331316   0.1294274   0.012997520901791234 
 0.001825  T17-2510   0.004793449    0.002444189489131522    0.02066028    0.010534717087629073   0.006494695   0.003311658144273689    0.02375042    0.007756370455243419  0.02554639   0.006176941929092178  0.02819703   0.004037647063551865  0.04039819   0.008569395434708915  0.003435787   0.0003493592548754099   0.01191314   0.001211357320974798   0.02108756   0.002144234832529873  0.03251069   0.003264829355791534  0.03499663   0.003558543234239011 
 0.001825  T17-2546  0.0008405144  0.00042857993270557315   0.003571035   0.0018208782051626217    0.01594317     0.0078487779773545    0.01205567    0.006147210638524192  0.01981728   0.005949063601351728  0.02401695  0.0036505227695250715  0.03584208   0.008645298855244335  0.001803127  0.00018706930369107302  0.009205052  0.0009549980116482129   0.01958963  0.0019919216503661713  0.03048079  0.0030993615309406245  0.03311511   0.003367225659371438 
 0.001825  T17-2478   0.007875566    0.004015766471458787    0.01307831    0.006668654808900892   0.006521508  0.0033253296550051453    0.00545245    0.002780214894688898  0.01762372   0.006270130806596701  0.01672476  0.0038414968254470807  0.02678588   0.008211353976269688  0.001770216  0.00018365488209736463  0.008472786  0.0008790274819906657   0.01770216  0.0017999990654491021  0.02729143  0.0027750595758184887  0.02937827   0.002987254604094844 
 0.001825  T17-2516   0.001076298   0.0005488064504440887   0.006068118    0.003094145209278362    0.00640207  0.0032644279857386963    0.01492377    0.007609660425217738  0.01096083   0.005131693096414574  0.03410144   0.004443963561611639  0.04866437    0.00876055282005953  0.003020134   0.0003133303280420395   0.01213462   0.001233877948675638   0.02208138   0.002245288917914755  0.03251069   0.003264829355791534  0.03404288  0.0034615635798859743 
 0.001825  T17-2594   0.007204775    0.003673729321894885   0.004586017    0.002338418526976488    0.01806458  0.0076236303778423045     0.0179178    0.006765303612523609  0.02086487   0.005663660856327646  0.02382688  0.0036380491636133785  0.03970311    0.00930229638793696  0.003802124   0.0003866092988222142   0.01037591  0.0010764712040226623   0.02013846   0.002047728027645471  0.02884206  0.0029327314287725175  0.03133475  0.0031861942750309124 
 0.001825  T17-2585    0.02340216    0.006495421729823015    0.01389449   0.0070848265835613084    0.04919088   0.008969256477090227    0.04085929     0.00801886229026849  0.07788666   0.009481671962457677    0.164696    0.01671675145205937    0.217275    0.02342589700439411    0.0122469   0.0012298735737723656   0.06081718   0.006107459241051356    0.1342846    0.01348529679046216   0.2089422   0.020982656085072764   0.2167835   0.021770104959439218 
 0.001825  T17-2685    0.01697295    0.006161612122644934   0.007250049    0.003696814622840725    0.01513053   0.007715088733261465    0.01487132    0.007240227102428487  0.02852281   0.006419338684341402  0.04610272   0.005523879600388209   0.0628887   0.009941241111924407   0.00483088   0.0004912157343628256   0.02333599  0.0023434760995945233   0.03908645   0.003925188578402986  0.05345967   0.005368594127291044  0.05807995   0.005832577693533812 
 0.001825  T17-2550    0.02701109    0.006813384128970419    0.04010797     0.01011858130000965    0.05880912    0.01010980712018627    0.05151251    0.009608862017461016   0.1029989   0.011881101206282356   0.1587558   0.016110861427375136   0.2145389   0.023149772218504203   0.01853644   0.0018614896596864596   0.07656429   0.007688835306963157    0.1432274   0.014383361955741643   0.1977089   0.019854571477754334   0.2376984   0.023870447286963203 
 0.001825  T17-2440    0.01059081    0.005148731374251526     0.0104125    0.005309356029689853    0.02465108   0.007752784457326284    0.01815403    0.007061049470236701  0.04140526    0.00734195811537365  0.06202006   0.006898723714526116  0.08721689   0.011535700998679968  0.007798772   0.0007831780784733844   0.02884206  0.0028964135793631135   0.05296955   0.005319374678435544  0.07586234   0.007618343202185106  0.08017265    0.00805119856523535 
 0.001825  T17-2451   0.008738013    0.004455529389412407     0.0138799    0.007077387114090976   0.001351071  0.0006889138373829996    0.01176759    0.006000319064957295  0.01466781  0.0061804664589030014  0.02708397  0.0038958933404663427  0.02827076   0.008031112953096912  0.002704122   0.0002805449788008378   0.01158847   0.001178344086274786   0.02249191  0.0022870325900746238  0.03251069   0.003305766755488931  0.03802124   0.003866092988222142 
 0.001825  T17-2519     0.0134199   0.0052747187868455135    0.03159636     0.00970518552215881    0.02474702   0.008155172627584532    0.04632291    0.008391330148168704   0.1054528   0.011986003378883055   0.1871323    0.01892703458596988   0.2821363   0.029495129087870175   0.01282408   0.0012878358756866655   0.07311833  0.0073427807800483256    0.1499775   0.015061228910976556   0.2535282    0.02546012736081579   0.2857763   0.028698586568580497 
 0.001825  T17-2520    0.05900148    0.008571607054772926    0.05605369    0.011502684038804204    0.09606125   0.012750222401144618     0.1004269    0.011816767586502706   0.1685984   0.017919863462918042   0.2428208   0.024660392185353097   0.2799802    0.02953143993728652   0.03944811    0.003961507661309941    0.1393241   0.013991379742876828    0.1941003    0.01949218415554809   0.2466188   0.024766262908171046   0.2582416    0.02593346233453314 
 0.001825  T17-2230    0.01270959    0.005990180664161725     0.0123568    0.006300757413137011   0.006536549   0.003332998599965204    0.02571627    0.008484478560266682  0.05669626   0.008079895692858665  0.09588332   0.010113388426919289   0.1585456    0.01830509461338086  0.005445356   0.0005468403800508668   0.03404288   0.003418696856202119    0.0744777   0.007479293145353041   0.1282408   0.012878358756866652   0.1486025   0.014923146953806359 
 0.001825  T17-2273    0.01192965    0.005727788738676472     0.0155443     0.00792606988309471   0.008886449   0.004531217195464373    0.02208785    0.006418363065854486  0.02263328   0.005606786520981961  0.04402513   0.005259167894265119   0.0452768    0.00916619574158271  0.005058552   0.0005143659832879312   0.01836649  0.0018675497863574857   0.03499663  0.0035144755401999616  0.04966223   0.004987242848112193  0.05296955   0.005319374678435544 
 0.001825  T17-2309   0.006918194    0.003527600620482052    0.01144867    0.005837698192887758   0.007859789   0.004007721258081855   0.007761676    0.003957693738218479  0.01371796   0.005572363217186851  0.02867367  0.0040504156779536836  0.04522647   0.008998904235048455  0.002270002  0.00024191540397883082   0.01213462   0.001233877948675638   0.02630427   0.002641560445102987  0.04092854   0.004110177256480022  0.04365422   0.004383898913502915 
 0.001825  T17-2272   0.008170872     0.00416634357710689    0.02018167    0.010280715310827793    0.01899904   0.007555144917827851    0.01740856    0.007418858141537685  0.02214674   0.006150971598546038  0.04298405   0.005259690466062238  0.06221067    0.01028244426157954  0.004742706   0.0004822499865764793   0.01941003  0.0019492184155548093   0.03698505    0.00371415914884123  0.05597914  0.0056216075197371256  0.06137991   0.006163970425944225 
 0.001825  T17-3019    0.03535644     0.00760284214461934    0.03952493    0.011440159120010045    0.05684165    0.01057361303971547     0.0710115     0.00987560186031211   0.1201853   0.013499270937192904   0.1985425   0.020265068664911456    0.260528   0.027704444541234916    0.0214796   0.0021570513788480446   0.08954189   0.008992088154375973    0.1584989   0.015916975646187975   0.2312205   0.023219915445316788   0.2779881    0.02791647016277891 
 0.001825  T17-2999   0.007479193   0.0038136555955829952    0.01359188    0.006930525154060477    0.02870757   0.009607281134751549    0.02772092    0.007666543959770205  0.03677348   0.006834181822678411   0.1227013   0.012638349985377996   0.2191216   0.023448715569551543  0.005754747    0.000577910432013649    0.0405533   0.004072494432764039    0.0972806   0.009769234615043098   0.1599655   0.016064256312428412   0.1977089   0.019854571477754334 
 0.001825  T17-1425   0.009229943    0.004396988587012308  0.0009078379  0.00046290836575694344    0.01124039  0.0057314948338779825     0.0160176    0.006353373822427262  0.01747661  0.0054254072696904515  0.04322624     0.0051674603094109  0.05967654   0.009168946002491508  0.002729143  0.00028314083496643505   0.01584989  0.0016116557195910795   0.03342152  0.0033562978651813613  0.05296955   0.005319374678435544  0.05701987   0.005726121007967852 
 0.001825  T17-1201    0.02710117    0.005629528117142502    0.03560186    0.008202292966016576     0.0410651   0.008165753886256247    0.05478326    0.007956104663563194  0.08554276   0.010023274058139686   0.1338513   0.013697904060967724   0.1780099   0.019152728061013265   0.01367811   0.0013736003484700382   0.06137991   0.006163970425944225    0.1127266   0.011320372190793905   0.1541794    0.01548319730564511   0.1527658   0.015341239058401544 
 0.001825  T17-1354    0.02008054    0.004916978534213567    0.02133749     0.00880162201105512    0.04241319   0.008115489385485635    0.04371468   0.0075334766590541054  0.06263015    0.00863140774593774  0.08345372   0.008779446544492938  0.09215513    0.01150129498029648    0.0130625    0.001311778785718846   0.04446581   0.004465401431261595   0.07047357   0.007077185363671017  0.09550503    0.00959092608537421  0.09550503    0.00959092608537421 
 0.001825  T17-1083    0.02376709    0.005166601733332752    0.03378332    0.009502616034838407     0.0444911   0.008490810218057874    0.03488797    0.007785735385036214  0.05391352   0.007556184808927055  0.08193263   0.008820865986924982   0.1053317   0.012947270357402329   0.01419143   0.0014251496095397881   0.03872811   0.003889202902693816   0.06607334   0.006635299940862388  0.09376187   0.009415872281953633  0.09550503    0.00959092608537421 
 0.001825  T17-0981    0.01166702    0.004871033847533087    0.01940434    0.008280622066705193    0.02814638   0.007892857083624725    0.04061864    0.007676643601635548  0.06471807   0.008347232332251991   0.1513502   0.015416316734745722   0.2394921   0.025065815526571424  0.008395107   0.0008430639810653342   0.05597914  0.0056216075197371256    0.1282408   0.012878358756866652    0.214796   0.021570513788480447   0.2466188   0.024766262908171046 
 0.001825  T17-1152   0.004313172   0.0021992948193482018    0.01091588    0.005566026551642383   0.005270886   0.002687635056792302    0.01876332    0.006921899987060489  0.03494129   0.006697968281946175  0.06701335   0.007253518335789467  0.09773359   0.011912529071314664  0.004246452  0.00043178966134808233   0.02291006  0.0023007028276433813    0.0483088   0.004851326996084706  0.08017265    0.00805119856523535  0.08872096    0.00890964769483093 
 0.001825  T17-0876    0.05014064    0.007049615921280534    0.04889318    0.008537914321469208    0.08065272   0.011073201633782346    0.08430487     0.01071842291429784   0.1512002   0.016116804350751548   0.2155346   0.021740225332613484   0.3328504    0.03411363459355365   0.02831563    0.002843547764596291    0.1047192   0.010516243026200018    0.1819811    0.01827513462603666   0.2630427   0.026415604451029872   0.2831563    0.02843547764596291 
 0.001825  T17-0939   0.007970676    0.004064263246052568    0.01158128   0.0059053153100768465    0.01019667   0.005199300949785942    0.02442346   0.0071391035178985885  0.01960555   0.006205344682863797  0.02544221    0.00393652351362087  0.04407895   0.008470080799823636  0.003767266   0.0003830648514898228   0.01270651  0.0012920291086919251   0.02208138   0.002245288917914755  0.03532045    0.00354699459969205  0.03499663   0.003558543234239011 
 0.001825  T17-1885    0.03864361    0.006320174619402933    0.03768532    0.009130123386831527    0.07876497   0.010628322069644766    0.06947032    0.009483510974491462   0.1336472   0.014572115449643165   0.2081047   0.021033515885157884   0.2594115   0.026868424409287366    0.0214796   0.0021570513788480446   0.08710162   0.008747028296750352    0.1599655   0.016064256312428412    0.222857   0.022380025605278495   0.2167835   0.021770104959439218 
 0.001825  T17-1853    0.01978501    0.004891140035709978    0.02310835    0.008106627640583598    0.03199588   0.007785852080736764    0.02758375    0.007119601769303815  0.06007144   0.008381802937702604  0.09527027    0.00994854778537717   0.1367758   0.015664277924518067   0.00972806   0.0009769234615043098      0.03631    0.00364636843349054   0.06982746   0.007012300902190385   0.1086491    0.01091089637890146   0.1127266   0.011320372190793905 
 0.001825  T17-1592    0.01675017    0.004708538778658407    0.01157794    0.005903612237559306    0.01242523   0.006335649023087848    0.02593031    0.006724799690824775  0.04259985   0.006778015814103785  0.07039675   0.007569422976316359  0.08782483   0.011998243295630324  0.007798772   0.0007831780784733844   0.02965011  0.0029775605900459455   0.05345967   0.005368594127291044  0.07727273  0.0077599791517847915  0.08395107   0.008430639810653342 
 0.001825  T17-1776    0.00151422   0.0007721038308453144    0.01184703   0.0060408237148119135   0.009183028   0.004682443896586892    0.01807697    0.006943077831188269  0.02319122   0.005943085744696352  0.03265058   0.004175901042140247  0.04768797    0.00930705159180382  0.004092854   0.0004161714397071784   0.01355271   0.001378072823112422   0.02606311  0.0026173423695097686  0.03837304   0.003853545627741475  0.04018151   0.004085754553564573 
 0.001825  T17-0496      0.026109   0.0064107657491179635    0.01279712     0.00652527645977885    0.03440221   0.008513980387633624    0.05527846    0.008681606537214469  0.09856651   0.012390750812345554   0.1831001   0.018550435461879296   0.2429212    0.02586814184872522   0.01037591   0.0010419826680725303   0.06427266    0.00645446978980342    0.1213462   0.012185980539702171   0.1770216   0.017777085458242053   0.1786596   0.017941578702467213 
 0.001825  T17-0404    0.01130224    0.005493173463937945    0.01516901    0.007734708779769088    0.01428744   0.006818706531483813    0.02407779    0.006989342247603132  0.02346302   0.008396625219469368  0.04527353   0.005307282144729542  0.06487145    0.01043939834795023  0.005296955    0.000538607382583984   0.01819811  0.0018504284719446063   0.03597711   0.003612938529359579  0.06194785   0.006221004808125585  0.06486736   0.006514191510359996 
 0.001825  T17-0410    0.01598125    0.006050577772154408    0.01060429    0.005407148163779684   0.004273442  0.0021790364148206974    0.01857507    0.007234767746690491  0.02860287  0.0074496741776558925  0.07171327   0.007836976583290906   0.1030052   0.014360562361303961  0.004742706   0.0004822499865764793   0.02398978  0.0024091318176056704   0.05105359   0.005126967740651175  0.08630307   0.008666835307162672  0.09638873   0.009679670118844857 
 0.001825  T17-0476    0.01635226    0.006863893923187625    0.01536942       0.007836898229841    0.01473113    0.00751143389388857   0.005724748    0.002919060176240127  0.02493997   0.007154827519006521  0.03529566   0.004555948439097726  0.07274369   0.011188857643032644   0.00405533   0.0004123559086793865   0.01419143  0.0014430194479707508   0.02754395  0.0027660531495655757   0.0483088   0.004851326996084706  0.04966223   0.004987242848112193 
 0.001825  T17-0516    0.04509417    0.008714461533565284    0.05460947    0.017093756117869736    0.09955827   0.013193569572137367    0.09815163    0.012481142526432827   0.1789481   0.019404081493267056   0.2436498   0.024599810094090156   0.2943175     0.0309348592353051   0.02910893   0.0029232135370682796    0.1180392   0.011853880794624223    0.1977089   0.019854571477754334   0.2729143   0.027406942593138497   0.2582416    0.02593346233453314 
 0.001825  T17-0214    0.02494801    0.006489087244592802    0.02782153    0.010555143563675911    0.04318093   0.008073431126153798    0.03919802    0.008500369461034326   0.0768167   0.010866611684348576   0.1594733    0.01641823334470981   0.1998668   0.023004266739933273   0.01432274   0.0014383361955741642   0.07516683   0.007548497821838158    0.1486025   0.014923146953806359   0.2167835   0.021770104959439218   0.2249191    0.02258710834276183 
 0.001825  T17-0276    0.01845573    0.005974673099737675    0.01355816    0.006913330279679975    0.01188545  0.0060604141477831365    0.02737226    0.007541180713138029  0.04966475    0.00923988112201932  0.09387029   0.010530048551695525   0.1080818   0.014969193264902422   0.01009314   0.0010135859819168464   0.04699225  0.0047191147558200116   0.08091448   0.008125695548699446   0.1116931   0.011216584745209259   0.1137696   0.011425113703331316 
 0.001825  T17-0283    0.02477977    0.005762742966375734    0.03508908    0.010253593504451403    0.04269833   0.007703593063498941    0.04318396    0.007707371709597572  0.09238861   0.011454136301264534   0.1688432   0.017115484908394533   0.2073142    0.02261483998068003   0.01853644   0.0018614896596864596   0.07516683   0.007548497821838158    0.1355271   0.013610072700140183   0.2013846   0.020223697290892212   0.2051286   0.020599681914631983 
 0.001825  T17-0268    0.04331098     0.00699934999982627    0.06398024    0.012470017478775882    0.08708492   0.011699045977329263     0.1067269    0.012407835273947506   0.1780197   0.019743108090344363    0.304197   0.030740176793418495   0.3735103    0.03834737673375685   0.03133475   0.0031467376235203804    0.1432274   0.014383361955741643    0.2489008   0.024995428778937182   0.3499663   0.035144755401999614   0.3467578   0.034822547327607284 
 0.001825  T17-0326    0.02545386    0.005877367582268102    0.01789093    0.009122618157470914    0.04933618    0.00863470845470581    0.03901415    0.007771219014681931  0.06225059   0.009165164624431031   0.1065983   0.011079163792697355   0.1425894   0.016553604531353166    0.0122469   0.0012298735737723656   0.04656142  0.0046758494127265866   0.08241879    0.00827676325646004    0.116957   0.011745202786320722   0.1180392   0.011853880794624223 
 0.001825  T17-0204   0.006309418    0.003217184550141356   0.006752358    0.003443040520476435   0.009761328   0.004977320195057963    0.01549906     0.00724182171261327   0.0212005   0.006424522907630108  0.02338567  0.0036437406651585406  0.03404309    0.00944904668269117  0.003162469   0.0003280971771092028   0.00972806  0.0010092585945982527   0.01570458  0.0015968802257166942  0.02128268   0.002164075123265817  0.02376984  0.0024660533938104445 
 0.001825  T17-0202    0.01107699    0.005648176855025877    0.02678456    0.011100985136646027    0.03668142   0.007372658944610147    0.05138512     0.00833830549638912  0.05608167   0.009523711083725345   0.1185552   0.012262829623142615   0.1487157     0.0177348567200241   0.01047192   0.0010516243026200017   0.05345967   0.005368594127291044    0.1018653   0.010229645103848717   0.1629395   0.016362915117193635   0.1803127    0.01810758842259181 
 0.001825  T17-0224    0.01884367    0.005689231764754623    0.01366559   0.0069681129686372046     0.3443886   0.040731888038269236    0.01212672    0.006183437211006917  0.02952633    0.00733014258410094    0.044447   0.005247395211382596  0.06513857    0.01055704440149278  0.007244797   0.0007275461050090176   0.02249191  0.0022587108342761834   0.03532045    0.00354699459969205  0.04966223   0.004987242848112193  0.05105359   0.005126967740651175 
 0.001825  T17-0272    0.03281947    0.006914453802599667     0.0486368    0.011429806613937088    0.07528191   0.010324173034422176    0.07216046    0.010150573493884029   0.1464116   0.016003116166241154   0.1970111   0.019980543263343493   0.2380696   0.025371425333027234   0.02466188   0.0024766262908171048   0.09818073   0.009859628591065558    0.1706186   0.017134075331824157   0.2376984   0.023870447286963203   0.2291006   0.023007028276433812 
 0.001825  T17-0115    0.01279952   0.0058923422616417144   0.003606033   0.0018387237536562936   0.001974909  0.0010070099528570013   0.007486061    0.003817156621604255  0.01785694   0.006555390589180556  0.02165159   0.003674284806239848  0.03336639   0.009452383305199858  0.002355192    0.000250994145259966  0.008872096  0.0009204547758505955   0.01629395  0.0016568088143248034  0.02937827   0.002987254604094844  0.03048079  0.0030993615309406245 
 0.001825  T17-0225    0.02788781    0.006068191936941761    0.01450191   0.0073945531880173125    0.03515526   0.007950058108011852    0.05132993    0.008182338530564047  0.09185084   0.011383915480287835   0.1471376    0.01504353173894086   0.1742347    0.02011116210171108   0.01753987   0.0017614108506485958   0.07047357   0.007077185363671017    0.1202337   0.012074259621746958   0.1690543   0.016976983299726838   0.1599655   0.016064256312428412 
 0.001825  T17-0151   0.005351834    0.002728910599950933   0.008247492    0.004205412264620039   0.005644309   0.002878044663465077    0.01108841    0.005654002877052417  0.01796312  0.0065953539669759195  0.04895053   0.005835150689925497  0.06940151    0.01284432226592361  0.002779881   0.0002884047629941843   0.01905576   0.001913641463774236   0.03837304   0.003853545627741475  0.06486736   0.006514191510359996  0.07379488   0.007410722138032164 
 0.001825  T17-0168    0.02191009    0.007013215342423545     0.0257708    0.011453871928850086    0.02360372    0.00788157816719526    0.02752747    0.006853227958534139  0.04241071   0.007591340625230961   0.0736598   0.007939928174451959   0.1038108    0.01370473511359344  0.008954189   0.0008992088154375973   0.03133475  0.0031467376235203804   0.05701987   0.005726121007967852  0.08551184    0.00858737740483226  0.08710162   0.008747028296750352 
 0.001825  T17-0173    0.01937492    0.006048268322255552    0.01507276    0.007685629736370078    0.01955425   0.007427674030515139    0.02650966    0.007574768544173479  0.04306816   0.008687648494198877  0.08003408   0.008476966678244288   0.1092433   0.013863314124385987  0.007870934   0.0007904248208778622   0.03221263  0.0032348971940238678   0.06194785   0.006221004808125585  0.09908918   0.009950858104167602   0.1066661   0.010711757044126911 
 0.001825  T17-0246    0.01301546    0.006373032004598518   0.006593154   0.0033618620902122324   0.008772701   0.004473217848881833    0.01817892   0.0076588775759695365  0.01755801   0.006845649774908515  0.02697668   0.003926115124979526  0.03608635   0.008872777206536914  0.003373077      0.0003429827465261   0.01330535   0.001352920640313378   0.02376984  0.0024169756594594745  0.03342152  0.0033562978651813613  0.03837304   0.003901864894520793 
 0.001825  T17-0252    0.01444797     0.00566035449944374    0.01026497    0.005234130194805819    0.01910452  0.0072967125009752165    0.02289422    0.007080001993976344  0.04476628   0.008105746481947791  0.07245077   0.007849487772410247  0.09898824    0.01806406937915917  0.006982746   0.0007012300902190385   0.03162469   0.003175854338172928   0.05861736   0.005886546152943816  0.08872096    0.00890964769483093   0.1037591   0.010419826680725304 
 0.001825  T17-0248    0.02084151    0.005542040321125154   0.001919818      0.0009789188463966    0.03221653   0.007741004337775428    0.02654555    0.006915842997729272  0.05785211    0.00907796278034213  0.08727401    0.00932148212959345  0.06701177   0.017038887565147234  0.007047357   0.0007077185363671015   0.03837304   0.003853545627741475   0.07656429   0.007688835306963157   0.1148223   0.011530829198527052   0.1406133    0.01412084540734428 
 0.001825  T17-0361   0.005850755    0.002983311881715395    0.00961111    0.004900723743728676    0.01298682   0.006622002898790365   0.007507744    0.003828213315905915  0.02083795   0.007604611286244288  0.04787144   0.006001756016103621  0.09228125   0.013591642457982223  0.003221263   0.0003341968934594246   0.01458902  0.0014834473788132964   0.04130725   0.004148208543402735  0.07798772   0.007831780784733842  0.08472786   0.008508647591747602 
 0.001825  T17-0369   0.006404029   0.0032654263933710724    0.02017996    0.010289800982352186   0.007052336   0.003595999888041289   0.005639545    0.002875614509988126  0.03001966   0.007521002920347791  0.05524166   0.006336353533410206  0.09104145   0.012944732065836241  0.003732727   0.0003795528433608085   0.01958963  0.0019672544344514365   0.04130725   0.004148208543402735  0.07178377   0.007208759914944276  0.07943762   0.007977384466304088 
 0.001825  T17-0350   0.007145636   0.0036435737401031092   0.007402015   0.0037743023827809885    0.01416641   0.007223482063916958   0.003009259    0.001534427526535812  0.01793785   0.007677815216352175  0.03877111   0.004874170549697353  0.06246571    0.01078476431478245  0.005546592   0.0005570068289892325   0.01786596   0.001794157870246721   0.03162469   0.003175854338172928   0.0478659   0.004806849541429156  0.04966223   0.004987242848112193 
 0.001825  T17-0382    0.02043956   0.0062303249334994554    0.03070536    0.011915125780426996    0.02695923  0.0073795219441660995    0.03253939    0.007953052900845688  0.04692217   0.008121418537290453  0.05994799   0.006693554744980428  0.06220319   0.011851808228678061  0.009638873   0.0009679670118844856   0.03020134   0.003032916900056637    0.0478659   0.004806849541429156  0.06486736   0.006514191510359996  0.06546757   0.006574466549394481 
 0.001825  T17-0319    0.01944559    0.007322795113686099     0.0202144       0.010307362005557    0.04508593   0.009174887110865724    0.04708986    0.008327586592196566  0.09136206   0.011450487410186345   0.1481618   0.015246732703788082   0.2079575   0.022603498673832354    0.0116957    0.001174520278632072   0.06194785   0.006221004808125585     0.116957   0.011745202786320722   0.1737906   0.017452617881925335   0.1706186   0.017134075331824157 
 0.001825  T17-0368    0.01400063    0.006357642807093916   0.005598896    0.002854887995857659    0.01961576   0.008033434601472586    0.03777611    0.008197492293825045  0.04732497   0.008845407878194933  0.09894598   0.010439516894689332   0.1125407   0.014923251689642878   0.01148223   0.0011530829198527052   0.04699225  0.0047191147558200116   0.07656429   0.007688835306963157   0.1056881   0.010613543165023718   0.1056881   0.010613543165023718 
 0.001825  T17-0026    0.02020001    0.009002569989417578   0.005586199     0.00284841426107159    0.02271842   0.011033366641083037   0.007705654     0.00392912801109943  0.05189603     0.0093921321628709  0.06659206   0.008005272877687368  0.09221587   0.012255500997905922  0.005597914   0.0005692096359837209   0.02884206  0.0028964135793631135    0.0602596   0.006051465242049231  0.09290225    0.00932954645103796   0.1037591   0.010419826680725304 
 0.001825  T17-0051     0.0167412    0.005546630880877508    0.01937009    0.008260307441389635    0.01906843   0.006495220755356819    0.01244755   0.0057831020998970785  0.05058716  0.0072598372841198725   0.1186256   0.012244117437576136   0.1814201   0.019428047026197357  0.005546592   0.0005570068289892325   0.03698505    0.00371415914884123   0.08954189   0.008992088154375973   0.1499775   0.015061228910976556   0.1786596   0.017941578702467213 
 0.001825  T17-0006    0.01092549    0.005456350872900495    0.01919469    0.007908920219504177   0.006959173  0.0035484954022564673    0.01534604    0.005682046007286108  0.07550089   0.009402641577557925  0.07706719   0.008765478000579889   0.1540693   0.018912289229519517  0.002466188   0.0002558600043936723  0.009550503  0.0009908375816379445   0.01675044  0.0017032258456840799  0.02443578  0.0024846900787393366  0.03020134  0.0030709463798631346 
 0.001825  T17-0014   0.003982319    0.002030592719325471    0.00352998   0.0017999436902592259   0.009852103    0.00502360703498294    0.01100519   0.0052934321126453495  0.03480127  0.0056401223664460515  0.04396202   0.004953402609998505   0.0870089   0.011334887825396642  0.002128268  0.00022080175980459057   0.01380468  0.0014036937222899626   0.03342152  0.0033562978651813613  0.05495741   0.005519002055353664  0.06546757   0.006574466549394481 
 0.001825  T17-0032   0.005405885    0.002756471800614193    0.01565078     0.00786246812403459    0.01422704   0.006153246016844443   0.004157572   0.0021199540757166984  0.01765828   0.004981074866982426  0.02410194   0.003452805541155192  0.03170616    0.00789776599919243  0.003020134   0.0003070946379863134   0.01106691  0.0011253105656133333   0.01870795    0.00190227027250053  0.02704122  0.0027496175978331534  0.02831563   0.002879202752370045 
 0.001825  T17-0017   0.009007303    0.004507894822801225   0.001417085   0.0007225744067419632   0.007946602   0.004051987866475546   0.008189831     0.00417601129849305  0.02061475  0.0049988265912032795  0.04505831   0.005087679386490662  0.07722749   0.010492801720938265  0.002729143  0.00028314083496643505   0.01270651  0.0012920291086919251   0.02805603   0.002817477887707437  0.04613455   0.004632981729865445  0.05445356   0.005468403800508668 
 0.001825  T17-0030   0.005096388    0.002598658186084011   0.001022128   0.0005211849636808894   0.007567469   0.003858666719660511   0.001469695   0.0007494003484029748  0.01424544  0.0052838156638793715  0.03363755   0.004208790939253933  0.06414116   0.009217068324783756  0.001870795  0.00019937168711935905  0.009037041  0.0009375673515775281   0.02051286  0.0020857979560697654  0.03404288   0.003418696856202119  0.03944811  0.0040111806466393675 
 0.001825  T17-0018    0.01911567   0.0047340797208903235     0.0202418    0.007441747318470038    0.02210977  0.0068142382908146825    0.03120329    0.006485003373132276  0.04563445   0.006640899378058743  0.06350081   0.006902550371742463  0.08141981    0.01135427299531137   0.01056881   0.0010613543165023719   0.03597711   0.003612938529359579   0.05754747   0.005779104320136491  0.08472786   0.008508647591747602  0.08395107   0.008430639810653342 
 0.001825  T17-0022   0.005589645   0.0028501704026152983   0.003574544   0.0018226669608196007    0.00359623   0.001833724694536778    0.00385682   0.0019666000440414924  0.01361891     0.0047606626352134   0.0199709  0.0031834517079176805   0.0385332    0.00796117683527379  0.001037591  0.00012345453266304524  0.006607334  0.0007041473426590489   0.01445527  0.0014698473263063108  0.02312205   0.002351106770317214  0.02704122  0.0027496175978331534 
 0.001825  T17-0024    0.01587048     0.00560842472777945    0.01486006    0.007577172610735287      0.021744   0.006364364649704164    0.03099146    0.006075884931149125  0.04466605   0.006422000060191607  0.07509221   0.008045938047801885   0.1181028   0.013908032545285512  0.008017265   0.0008051198565235351   0.03251069   0.003264829355791534   0.05649711   0.005673623746372223   0.0831814   0.008353347036023405  0.08954189   0.008992088154375973 
 0.001825  T17-0474    0.01620434    0.008262624586489211   0.005102222   0.0026016329540682406    0.02325875   0.011859686914081038    0.02160752    0.011017716612034637  0.03423837   0.011506105688488569  0.03453592  0.0070902139544631515  0.03581431   0.010618984800358366  0.002376984  0.00024660533938104443   0.01213462   0.001233877948675638   0.02421175    0.00243142277517244  0.03837304   0.003853545627741475  0.04207521   0.004225329589649783 
 0.001825  T17-0303   0.008011138    0.004084894898808467   0.003603571    0.001837468375052047   0.007317715   0.003731316667700726    0.00365949    0.001865981091979766  0.04584388   0.011582113959659695  0.03950618   0.006605605176990599  0.03101363    0.01059194823489376   0.00214796  0.00022890931993496552   0.01096544    0.00111499287352745   0.02582416  0.0025933462334533143  0.03981312   0.003998163147942034  0.04699225  0.0047191147558200116 
 0.001825  T17-0333    0.01104882   0.0056338168393787885     0.0030184    0.001539088049982846    0.02739907   0.013970834355526122   0.008368123   0.0042669217566241235  0.03073392   0.011517049046768186  0.04512368  0.0067715788400568005  0.06226681   0.011346757400864884  0.004168946   0.0004239086598407638   0.01629395  0.0016568088143248034   0.03191731   0.003205240197817238  0.05105359   0.005126967740651175  0.05395432   0.005418268500573343 
 0.001825  T17-0305    0.01523508   0.0077683989822760775  0.0008623596   0.0004397188428134068    0.02831897   0.014439902966388278    0.01860384    0.009486132357614455   0.0384971   0.011807081032439812  0.04961057  0.0074308679956178745  0.07028397   0.011715717471218311   0.00831814   0.0008353347036023405   0.02558741  0.0025695710228053033    0.0452925   0.004548420324033004  0.06427266    0.00645446978980342  0.07047357   0.007077185363671017 
 0.001825  T17-0328     0.0167262     0.00852872299940624    0.01115792    0.005689445181110721    0.04610292   0.016083294134438503    0.01502183    0.007659662391148711  0.04086415   0.010326397178419683  0.08469821     0.0100023546759853   0.1053126    0.01372835613943476  0.007798772   0.0007831780784733844   0.02831563   0.002843547764596291   0.05597914  0.0056216075197371256  0.08241879    0.00827676325646004  0.08872096    0.00890964769483093 
 0.001825  T17-0171    0.04057016    0.012962598654353842    0.03511298     0.01472021792416145     0.0745424    0.01744396822690296    0.07248046    0.013842836243621318   0.1151069   0.015886509493913382   0.1960981   0.020397098241337078   0.2784555   0.029780566315746923   0.02355192    0.002365160494316071    0.0912066   0.009159263748878425    0.1644471    0.01651431326313922   0.2582416    0.02593346233453314   0.2754395   0.027660531495655755 
 0.001825  T17-0125    0.01019104    0.005196430201799789    0.01040373    0.005304884189576432    0.01096811  0.0055926626528845814   0.008074215    0.004117058474484696   0.0248389    0.01044743868462505  0.03957754    0.00660705415828658  0.06094802   0.011058520527739186  0.002108756  0.00022473132004481464   0.01202337  0.0012225657757857819   0.03342152  0.0033562978651813613  0.05970714    0.00599598541406745  0.06855297  0.0068843124561065805 
 0.001825  T17-0179    0.03375033    0.012395944648177847    0.05057246    0.015852006084408246    0.05205277   0.015238429157745526    0.05677126    0.012407223559679902   0.1133362   0.015494416058916194    0.146515   0.015495229071802747   0.1884087    0.02116246534180319   0.01675044   0.0016821337304837832   0.07311833  0.0073427807800483256    0.1330535   0.013361665706098324   0.1803127    0.01810758842259181   0.1836649    0.01844422736236975 
 0.001825  T17-0446    0.03982379    0.012665418798493835   0.007347214     0.00374635875565421    0.02767047    0.01410922174512503   0.005254715    0.002679389922627211  0.06403585   0.012477608892020337   0.1120206   0.012457293350216331   0.1446759    0.01784936372486426  0.006982746   0.0007012300902190385   0.04285744   0.004303883672867398   0.08166317   0.008200881437265653   0.1330535   0.013361665706098324   0.1445527   0.014516452854513048 
 0.001825  T17-0387   0.007257402   0.0037005634415987303    0.00863717    0.004404109837221819    0.03126422   0.015232603900127647        0.0157    0.008005462597502034  0.03166394   0.011323701582227253  0.04596013   0.007004757864504169   0.0632431   0.011174444684415821  0.002831563   0.0002937666220337675   0.01629395  0.0016568088143248034   0.03435787  0.0034503291808469943  0.05701987   0.005726121007967852   0.0602596   0.006051465242049231 
 0.001825  T17-0503   0.009329003    0.004756876343646226  0.0003678307  0.00018755754267081584    0.03059134   0.015573874111821245    0.05954464    0.014576255500374436  0.04151262    0.01164614181341804  0.07764292   0.009341340401205173  0.07599287   0.011800679701518256  0.008091448   0.0008125695548699447   0.03251069   0.003264829355791534   0.04699225  0.0047191147558200116  0.06918728   0.006948011939858665  0.06855297  0.0068843124561065805 
 0.001825  T17-0425   0.008549868    0.004359594377064252   0.005587676   0.0028491668959634074   0.004237166  0.0021605392116331884    0.02059402    0.010500930984332009  0.02323142   0.010932796608670812  0.04815087   0.007745307635831452  0.04398994   0.013506094866723542  0.005395432   0.0005418268500573342   0.02167835  0.0021770104959439214      0.03631    0.00364636843349054  0.04966223   0.004987242848112193  0.05597914  0.0056216075197371256 
 0.001825  T17-0455    0.01262494     0.00643748154179381    0.01246713    0.006357015876011164    0.01806971   0.009213779408915594   0.008036694    0.004097925953077406   0.0386451   0.010341676052277213  0.03817383   0.006881030996223822  0.06048073   0.011008756127921538  0.003872811   0.0003937969259758716   0.01180392  0.0012002515464411784   0.02443578  0.0024539205979239856     0.03631    0.00364636843349054    0.043254   0.004343707514492199 
 0.001825  T17-0436    0.00950059    0.004844369380064447    0.02472778     0.01260874327478294   0.005523609  0.0028164994979360124  0.0006865513   0.0003500738966072833  0.02459514   0.011220059720210762  0.02805519  0.0056801413640610214   0.0516772   0.009933033772709926  0.001941003  0.00020685379412698718   0.01393241   0.001416681645064003   0.02630427   0.002641560445102987  0.04168946   0.004186591317574096  0.04246452   0.004264425369543392 
 0.001825  T17-2075   0.005287645   0.0026961800133047963   0.005369458   0.0027378971119416885    0.01164207     0.0058573115179035    0.01286634    0.005945022629526401  0.01544835   0.005255332621331784   0.0256179   0.003785438702625628  0.05328525   0.008728786924357015  0.001803127  0.00019851403339308913  0.009462944  0.0009817535692443395   0.02167835  0.0022043078360621505  0.03837304   0.003853545627741475  0.04246452   0.004264425369543392 
 0.001825  T17-1140    0.01170489    0.004634373907524727    0.01469425   0.0070729951045438305   0.009374265  0.0047799565063493255    0.01967456     0.00618738720640118  0.03002241   0.006185346308734944  0.04357796   0.005357298960718545  0.06106957   0.009465136415564753  0.006607334   0.0006718499381931356   0.02704122  0.0027155673581668784   0.04613455   0.004632981729865445  0.06855297  0.0068843124561065805  0.06982746   0.007012300902190385 
 0.001825  T17-1114   0.006799632    0.003467145625324993   0.006240848   0.0031822205733366507    0.01266831  0.0064595959894242615    0.01024186    0.005222346360709906  0.01576118  0.0048772644201445555  0.02686008   0.003624608637296998  0.04087894  0.0076759585774935635  0.002965011   0.0003076114692551676   0.01282408  0.0013039839294197188   0.02270002  0.0023081937386718733  0.03373077   0.003387353757341948  0.03767266   0.003830648514898228 
 0.001825  T17-1435     0.0516958    0.006938538147045097    0.04974693    0.008682321501465954    0.08804775   0.011186878428780479    0.09056427     0.01056797105658759   0.1431906    0.01520273861342094   0.2344617   0.023617123042113768   0.2946669   0.030301920784970054   0.02965011   0.0029775605900459455    0.1202337   0.012074259621746958    0.1995383   0.020038285837834437   0.2729143   0.027406942593138497    0.267933   0.026906704270395435 
 0.001825  T17-2059   0.008340706    0.004252942265114043    0.01588368    0.008099121387927705   0.009616752   0.004903600610538243   0.006791096   0.0034627931022681905  0.02394217  0.0054973095463590185  0.02759236   0.004012824807465684  0.04685983   0.008512665230419261  0.004285744  0.00043578496917152725   0.01614456  0.0016416184843667057   0.02779881   0.002791647016277891  0.04092854   0.004110177256480022  0.04285744   0.004303883672867398 
 0.001825  T17-1988   0.003574481   0.0018226353272870056   0.009203996    0.004693135520702994   0.001856279  0.0009465201863091828    0.01006768    0.005133528697080109  0.01332089    0.00504237782479675   0.0267403   0.003617491207466993  0.03903209    0.00730456790462694  0.001472401  0.00016210299409769735  0.009376187  0.0009727527727057117   0.01870795    0.00190227027250053  0.02831563   0.002879202752370045  0.02910893   0.002959867438519619 
 0.001825  T17-1341    0.03054457    0.005926083247982431     0.0224518    0.007433236757659815    0.02927188   0.006428745649002533    0.03939039     0.00810081569750664  0.06079576    0.00828448900806809  0.08999382    0.00938814746306533    0.119198    0.01378648231347344   0.01458902   0.0014650768975142602   0.05200274   0.005222284483867669   0.07178377   0.007208759914944276   0.1086491    0.01091089637890146   0.1066661   0.010711757044126911 
 0.001825  T17-1368    0.01193781    0.004926079334728786    0.00513261   0.0026171278545661465   0.004083546  0.0020822080738653764   0.006794895    0.003464729729491068  0.01773747    0.00518529635027787  0.02703873   0.003683307013408603  0.02936816   0.007605092254212371  0.002443578  0.00025351428039720685  0.009638873  0.0009801042613326657   0.01888105  0.0019198715198337128  0.03221263  0.0032348971940238678  0.03435787   0.003493592548754099 
 0.001825  T17-1929    0.01128578    0.005193451346880993   0.005148401    0.002625179225989725    0.02178292   0.006498138125868362    0.01618214    0.005314040706347384   0.0459628   0.006688046554635292  0.07510595   0.007967690670729444   0.1140556    0.01327321372116885  0.006546757   0.0006574466549394481   0.03162469   0.003175854338172928   0.05445356   0.005468403800508668  0.09290225    0.00932954645103796  0.09638873   0.009679670118844857 
 0.001825  T17-1979    0.01902738    0.004733178610367456    0.03123218    0.007818165996690848    0.02737884   0.006572159152547738    0.03592562    0.006177758897234499  0.08109658   0.009722695080908637   0.1259194    0.01286510298872267   0.1760075   0.018916439329942622   0.01380468   0.0013863109151563513   0.05649711   0.005673623746372223   0.09290225    0.00932954645103796   0.1706186   0.017134075331824157   0.1599655   0.016064256312428412 
 0.001825  T17-1842   0.004818462    0.002456943176350532    0.01087256    0.005543940540851516    0.01165641   0.005943628166005172    0.01332128    0.005755738744844575  0.01266949   0.004690574930805498  0.03710959   0.004453259299154385  0.04267408   0.008160055764500204  0.001770216  0.00018365488209736463   0.01086491  0.0011047707239195878   0.02270002  0.0023081937386718733  0.03732727   0.003748525998973278  0.03837304   0.003901864894520793 
 0.001825  T17-1681   0.003670158    0.001871420725996867    0.00939827    0.004792196212401366    0.01090131   0.005558599241372417   0.004010811   0.0020451208457235993  0.02766033   0.005638023483453488  0.02499035  0.0035090324260954047  0.05047751    0.00862125981676843     0.003631  0.00036920899064424225   0.01380468  0.0014036937222899626   0.02333599   0.002372860728968314  0.03564727  0.0035798149261073893     0.03631   0.003692089906442422 
 0.001825  T17-1782   0.002398454    0.001222976374845467   0.001309491   0.0006677122123035492   0.005607304  0.0028591752514646874   0.004000019    0.002039617003283854  0.01320115  0.0048404688194175986  0.01801279  0.0033578022244612625  0.02585447   0.007314499746496202  0.001786596  0.00019669406447895906  0.009290225  0.0009638344640387218   0.01393241   0.001416681645064003  0.02312205   0.002351106770317214  0.02312205    0.00239884699380546 
 0.001825  T17-0852   0.009763671    0.004978515385620336    0.01671558    0.008523306860102128    0.01211716  0.0061785625483519215    0.01293708    0.005840408639209075  0.01809072    0.00538161075357044  0.02609687   0.003700858893766824  0.03931304   0.007296546595440956   0.00203248  0.00021660254400090136   0.01116931  0.0011357228348393108   0.02187894  0.0022247043006332345  0.03767266   0.003783211181951121  0.04246452   0.004264425369543392 
 0.001825  T17-0894   0.004577208   0.0023339272909773004     0.0109012    0.005558541190996429   0.009790763   0.004992329649286562    0.01795619    0.006422609141010062  0.02470461   0.005597198725929427  0.03753376   0.004497794922821627  0.05264857   0.008481269734989744  0.005248392   0.0005336693782012816    0.0203248   0.002041082593606366   0.03048079  0.0030609801854346026  0.04699225  0.0047191147558200116  0.04613455   0.004632981729865445 
 0.001825  T17-0948    0.01397942    0.005917372123775891     0.0206713    0.010059373092383243    0.01092877   0.005572601148956742    0.01024268    0.005222761538567983  0.02638261   0.006131588735776153   0.0416571   0.005226257375810724  0.06034524    0.00936123181555184  0.003221263   0.0003341968934594246   0.01853644   0.001884830702283481   0.03698505    0.00371415914884123  0.05970714    0.00599598541406745  0.06252105   0.006278567412379437 
 0.001825  T17-0934    0.00497181   0.0025351356207875746   0.001644719   0.0008386454275376811    0.02394031   0.007257923352265509    0.01468736    0.005654841040668164  0.02847743   0.006556593401109528  0.06314935   0.007078544140076334  0.09653235   0.012125053037572827  0.004405815   0.0004479940813906163   0.02779881   0.002791647016277891   0.05345967   0.005368594127291044   0.0912066   0.009159263748878425   0.0972806   0.009769234615043098 
 0.001825  T17-0823   0.002952678   0.0015055762739356114   0.001498606   0.0007641419276025888  0.0008246168  0.0004204737154436439   0.004139332   0.0021106534641239048  0.01246949   0.005086131684597343  0.03169825   0.004049720599678576  0.05732482      0.008885711164491  0.001599655  0.00017611292274890677  0.008017265  0.0008317684744189878   0.02108756   0.002144234832529873  0.03597711   0.003612938529359579  0.04130725    0.00420022254188546 
 0.001825  T17-0963   0.008583713    0.004376852498898345   0.006687855    0.003410149824617571    0.02395878    0.00677538083119938    0.01916167    0.005707281421122495  0.03263086    0.00664538768543988  0.04684293   0.005309557511455075  0.05879307   0.009595310047147513  0.005754747   0.0005851568056350794   0.02512038  0.0025226703591538255   0.04571158   0.004590505705010358  0.06792447   0.006821196448707899  0.06982746   0.007012300902190385 
 0.001825  T17-1005    0.01122505    0.004430530349252784   0.004732969    0.002413349638532637   0.009394877   0.004790465624790068    0.01217443    0.005524661307125533  0.05268424   0.007075507941643484  0.08386785   0.008798638216141972    0.126012    0.01417981003679108  0.004405815   0.0004479940813906163   0.02857763    0.00286985865685805   0.05754747   0.005779104320136491   0.1037591   0.010419826680725304   0.1137696   0.011425113703331316 
 0.001825  T17-1037   0.002418238   0.0012330642750511588    0.01317576     0.00671834769580289    0.01883517  0.0064453391440179465    0.01573839    0.005622002289983258  0.02438837   0.005948304534375573  0.04688043   0.005262084803010495  0.06626578   0.008958191786483086  0.005445356   0.0005536971681697496    0.0214796  0.0021570513788480446   0.03732727   0.003748525998973278  0.05546592   0.005570068289892325  0.05861736   0.005886546152943816 
 0.001825  T17-1082     0.0165478    0.005451263674918779    0.01289096    0.006573125658894404   0.006607565  0.0033692097969429346    0.01575951    0.006246932006955894  0.03650248   0.006300370756135546  0.08791788   0.009111739115068703   0.1350211   0.014958506948990464  0.003872811   0.0003937969259758716   0.02779881   0.002791647016277891   0.06137991   0.006163970425944225    0.107653    0.01081086481200468    0.122469   0.012298735737723655 
 0.001825  T17-0968   0.005555164   0.0028325889637208146   0.005602826    0.002856891910526501    0.00541949  0.0027634085263720963   0.003513733   0.0017916598035458322  0.01317741   0.005372058029802917  0.01719502   0.003052506609227898  0.02235967   0.007088079495672858  0.001127266   0.0001241055760383473  0.006668471  0.0006918349414949349   0.01406133  0.0014297905299929918  0.02654766     0.0026994312259126  0.02857763   0.002905843552028457 
 0.001825  T17-0825    0.01975015    0.005505672612308237    0.02399946    0.007581145021395647      0.025059   0.006596005452319229    0.02544414    0.006351173035520683  0.06214799  0.0077333319124683894   0.1503414   0.015486804226302112   0.2275777   0.024240935385229444  0.008630307   0.0008666835307162673   0.06137991   0.006163970425944225    0.1259002   0.012643307966441735    0.214796   0.021570513788480447   0.2208138   0.022174840768702266 
 0.001825  T17-0882   0.007170883    0.003656447724959416    0.01378503    0.007029015657707557    0.02649893   0.007278758560090657    0.02760892    0.006628756998046693  0.03170192   0.005752443560737037  0.06418339   0.006831726489599098  0.08899946   0.011346122775309855  0.008091448   0.0008125695548699447   0.02910893  0.0029232135370682796    0.0478659   0.004806849541429156  0.07311833  0.0073427807800483256  0.07727273  0.0077599791517847915 
 0.001825  T17-0878   0.004629787   0.0023607379159681597   0.009642419    0.004916687773633446    0.02378964   0.007238693159608301    0.01206512    0.006152029211964537   0.0237046   0.005731159321917338   0.0333019    0.00409971678015982  0.04967804   0.007904695501798915  0.003311511  0.00033672256593714374   0.01472401   0.001497173491903313   0.02630427   0.002641560445102987  0.04168946   0.004186591317574096  0.04487725    0.00450671957553563 
 0.001825  T17-0798    0.01167724   0.0044116269258522986   0.004376728    0.002231702147768792   0.007916077   0.004036422619119966   0.005798677    0.002956757207892506  0.01154577  0.0051304463146570395  0.02335682   0.003536693469584974  0.03192938   0.007826631018439863  0.001706186  0.00018182920550120654  0.009290225  0.0009446528831319682   0.01888105  0.0019198715198337128  0.02937827   0.002987254604094844  0.03076283   0.003128040037841882 
 0.001825  T17-0810   0.006558093   0.0033439849081859643    0.01149701   0.0058623478337971385   0.009973853   0.005085687597560932    0.01128974    0.005528247728146506  0.02333979   0.006012522524291864  0.03473613   0.004172119228707756  0.05745718    0.00892726488270198  0.003664597   0.0003726252179379093   0.01614456  0.0016212892844910836   0.02910893  0.0029232135370682796    0.043254   0.004343707514492199  0.04446581   0.004465401431261595 
 0.001825  T17-1157   0.003179535   0.0016212506106247887  0.0007525962   0.0003837502709655778    0.01452714   0.006335582283298987   0.008525856    0.004347350611408213   0.0199287   0.005237271067470539  0.02798414  0.0038135948210743366  0.05242234   0.008049666020664273   0.00267933  0.00027797288139981736   0.01330535   0.001352920640313378   0.02128268   0.002164075123265817  0.03532045    0.00354699459969205  0.03837304   0.003901864894520793 
 0.001825  T17-1106   0.003515227   0.0017924206164804874   0.002399086    0.001223298632878726   0.007383949  0.0037650904941277322   0.005176756   0.0026396379861108534  0.02015822   0.004836498921572608  0.02325093   0.003424044618469946  0.03555709   0.006949253339688373  0.002937827    0.000304791212215541   0.01445527  0.0014698473263063108   0.02355192   0.002365160494316071  0.03404288   0.003418696856202119     0.03631   0.003692089906442422 
 0.001825  T17-1117   0.006764408    0.003449184838990315   0.008677435    0.004424640549002964   0.004258241   0.002171285885548425    0.01367499    0.005745004860757735  0.01987149   0.005535703662880267  0.02275818  0.0033610290001434085  0.04389241   0.008060271179638189  0.002535282  0.00026302830863643727  0.009037041  0.0009375673515775281   0.01819811  0.0018504284719446063  0.03435787  0.0034503291808469943  0.03698505   0.003760730668748695 
 0.001825  T17-1305   0.003188337   0.0016257397481813287   0.005599243     0.00285506542212512    0.01406906   0.006315425398552104    0.01624063    0.005746501740171406   0.0215798     0.0052615948319501  0.03088319   0.004019992358285897  0.03821332    0.00745565896812884  0.003281151  0.00034041010165628693   0.01393241   0.001416681645064003   0.02187894  0.0022247043006332345  0.03597711   0.003612938529359579  0.03597711   0.003658240827113606 
 0.001825  T17-1142   0.006867361   0.0035016812648789456    0.00375037   0.0019123209813192972   0.007977794   0.004067892728142343   0.009354131    0.004769689159879982  0.01865087   0.005297132194556787  0.04007347  0.0048028949917029206  0.05526373   0.008454006449160658  0.003467578  0.00035259184143760685   0.01419143  0.0014430194479707508   0.02779881   0.002791647016277891   0.0478659   0.004806849541429156  0.05152598   0.005174406685114656 
 0.001825  T17-1064    0.01161697    0.004409240563069563   0.005272498    0.002688457018737893    0.01475722   0.006221441760382235   0.009236018    0.004709463600989421  0.02141208   0.005188700007567213  0.03388063  0.0042648780168292036  0.04577352   0.008213924027999833  0.003435787  0.00035645314742454735   0.01472401   0.001497173491903313   0.02654766  0.0026660024609750457  0.04018151   0.004035158071512709  0.04207521   0.004225329589649783 
 0.001825  T17-1042     0.0103183    0.005027390480298502    0.02445941    0.007772198185117579    0.02672204    0.00634683894387907    0.01564538    0.006046959099297762   0.0536709  0.0070064587356278634  0.07051679   0.007513889527540446  0.09490856    0.01137920159809892   0.00912066   0.0009159263748878424   0.03404288   0.003418696856202119   0.05495741   0.005519002055353664  0.08472786   0.008508647591747602  0.08790756   0.008827963417464413 
 0.001825  T17-0731   0.005574136    0.002842262823542003    0.00964022    0.004915566989532744    0.01179589  0.0060147483096000785    0.01489409    0.005455747968185664  0.01318654   0.005124977216232283  0.02928516  0.0037088210069147315  0.03464222   0.007375004176696105  0.003698505  0.00037607306687486956   0.01355271   0.001378072823112422   0.02291006   0.002329551125000954  0.03404288   0.003418696856202119  0.03435787   0.003493592548754099 
 0.001825  T17-0880   0.008954823   0.0044374360653171435     0.0164713    0.008016303762581669   0.008228448  0.0041957016918583515    0.01284385    0.005263024779575525  0.02123251   0.005340275986341623  0.02579478   0.003614670084038791  0.02518826   0.007458902897976685  0.003802124   0.0003866092988222142   0.01367811  0.0013908238113093407   0.02108756   0.002144234832529873  0.03048079  0.0030993615309406245  0.03048079  0.0030993615309406245 
