# id redshift F0378 F0378_err F0395 F0395_err F0410 F0410_err F0430 F0430_err F0515 F0515_err F0660 F0660_err F0861 F0861_err
T17-2421 1.825000e-03 4.353464e-06 2.176732e-06 5.555671e-06 2.777836e-06 3.622382e-06 1.811191e-06 9.944105e-06 4.972052e-06 2.142684e-05 5.406170e-06 2.394177e-05 2.956414e-06 2.602189e-05 9.642096e-06
T17-2479 1.825000e-03 1.555942e-05 6.477674e-06 1.177097e-05 5.885484e-06 2.551938e-05 7.931138e-06 3.034467e-05 7.298928e-06 4.917519e-05 6.685536e-06 9.038450e-05 3.211694e-06 1.261074e-04 9.637707e-06
T17-2601 1.825000e-03 1.982152e-05 5.270771e-06 8.741290e-06 4.370645e-06 2.265188e-05 7.048122e-06 2.220026e-05 6.631135e-06 3.339898e-05 6.074533e-06 5.586142e-05 3.099876e-06 7.056488e-05 8.532480e-06
T17-2460 1.825000e-03 3.125500e-06 1.562750e-06 2.257775e-06 1.128888e-06 4.193295e-06 2.096647e-06 9.353146e-06 4.676573e-06 1.452683e-05 5.410653e-06 2.600472e-05 2.940376e-06 3.052780e-05 8.517979e-06
T17-2371 1.825000e-03 1.909198e-05 6.511195e-06 2.457174e-05 1.072211e-05 2.440031e-05 8.391093e-06 2.952634e-05 7.177891e-06 5.190470e-05 5.695988e-06 9.043647e-05 3.989892e-06 1.041448e-04 1.147190e-05
T17-2402 1.825000e-03 7.330132e-06 3.665066e-06 2.504245e-05 8.563827e-06 2.814812e-06 1.407406e-06 1.023945e-05 5.119726e-06 1.998537e-05 6.352678e-06 3.361789e-05 2.808610e-06 5.240889e-05 8.432368e-06
T17-2279 1.825000e-03 2.732021e-06 1.366011e-06 2.541135e-06 1.270567e-06 6.645818e-06 3.322909e-06 1.776702e-05 6.440211e-06 1.855174e-05 5.588705e-06 2.952564e-05 2.804734e-06 3.467130e-05 7.986544e-06
T17-2342 1.825000e-03 8.999143e-07 4.499572e-07 1.638957e-05 8.194784e-06 1.400771e-05 7.003855e-06 8.056905e-06 4.028452e-06 1.598000e-05 6.185384e-06 3.060364e-05 3.036109e-06 4.009528e-05 8.993928e-06
T17-2352 1.825000e-03 4.932889e-06 2.466445e-06 1.622642e-05 8.113212e-06 1.166392e-05 5.831958e-06 1.468053e-05 6.125761e-06 2.615628e-05 5.607284e-06 7.061229e-05 2.900970e-06 9.225648e-05 8.841397e-06
T17-2511 1.825000e-03 1.899456e-05 5.019441e-06 4.271214e-06 2.135607e-06 3.763813e-05 7.346740e-06 3.900394e-05 6.504648e-06 5.987428e-05 5.614609e-06 9.098888e-05 2.917471e-06 1.067150e-04 8.054462e-06
T17-2492 1.825000e-03 5.206939e-06 2.603470e-06 1.099882e-05 5.499408e-06 2.081327e-05 8.083535e-06 2.554231e-05 6.185165e-06 2.678170e-05 6.250709e-06 5.129430e-05 3.023458e-06 5.261647e-05 9.016526e-06
T17-2517 1.825000e-03 1.474722e-05 5.671082e-06 1.763515e-05 8.599001e-06 3.842646e-05 7.411633e-06 4.497649e-05 7.908209e-06 6.341540e-05 5.906054e-06 1.155756e-04 3.675438e-06 1.507266e-04 9.546709e-06
T17-2467 1.825000e-03 6.587107e-06 3.293553e-06 2.557412e-05 1.068849e-05 2.211573e-05 7.013881e-06 1.279740e-05 6.398701e-06 3.826754e-05 5.565884e-06 6.273556e-05 3.232712e-06 8.549874e-05 7.505728e-06
T17-2475 1.825000e-03 2.357465e-06 1.178733e-06 1.613109e-05 8.065547e-06 9.784456e-06 4.892228e-06 3.947234e-06 1.973617e-06 1.300077e-05 5.579583e-06 2.667472e-05 2.888785e-06 4.194043e-05 7.845080e-06
T17-2668 1.825000e-03 1.155377e-05 5.749069e-06 1.116105e-05 5.580523e-06 3.085495e-05 7.435122e-06 1.271623e-05 6.358113e-06 3.504339e-05 5.744641e-06 5.411336e-05 2.648785e-06 5.269506e-05 7.676710e-06
T17-2755 1.825000e-03 2.201475e-06 1.100737e-06 2.910476e-06 1.455238e-06 6.855729e-06 3.427864e-06 1.040161e-05 5.200804e-06 1.924480e-05 6.000979e-06 3.541106e-05 2.941619e-06 5.897000e-05 8.824727e-06
T17-2772 1.825000e-03 9.758200e-06 4.879100e-06 3.556995e-06 1.778498e-06 9.865252e-06 4.932626e-06 1.792193e-05 6.241690e-06 2.570448e-05 5.917334e-06 3.343634e-05 2.924102e-06 6.254086e-05 7.869414e-06
T17-2756 1.825000e-03 1.767583e-05 5.209440e-06 1.047596e-05 5.237980e-06 9.581058e-06 4.790529e-06 2.201093e-05 6.605471e-06 3.389472e-05 5.890261e-06 5.233317e-05 2.724804e-06 5.518008e-05 7.957410e-06
T17-2759 1.825000e-03 3.227732e-05 5.734859e-06 2.771562e-05 8.443030e-06 7.031128e-05 7.610892e-06 6.738509e-05 7.055405e-06 1.136044e-04 5.547557e-06 1.759811e-04 4.046388e-06 2.030817e-04 8.280668e-06
T17-2631 1.825000e-03 3.139659e-06 1.569829e-06 2.796152e-06 1.398076e-06 6.375035e-06 3.187517e-06 8.289794e-06 4.144897e-06 1.321833e-05 5.938414e-06 3.444320e-05 2.687787e-06 3.367833e-05 7.566279e-06
T17-2630 1.825000e-03 8.974657e-06 4.487329e-06 3.326430e-05 8.928574e-06 2.873060e-05 8.190483e-06 2.470181e-05 6.350187e-06 4.420646e-05 5.324932e-06 9.568505e-05 2.993253e-06 1.252704e-04 7.590254e-06
T17-2658 1.825000e-03 4.176871e-06 2.088435e-06 5.974241e-06 2.987121e-06 1.389754e-05 6.948772e-06 2.563226e-05 6.436351e-06 2.208433e-05 6.296012e-06 4.823081e-05 3.632075e-06 4.930998e-05 9.052827e-06
T17-2618 1.825000e-03 1.008131e-05 5.040656e-06 1.801333e-05 8.425923e-06 1.253819e-05 6.269094e-06 2.044533e-05 7.287947e-06 4.157743e-05 5.433883e-06 7.756236e-05 2.700839e-06 1.014440e-04 8.219294e-06
T17-2705 1.825000e-03 2.895933e-06 1.447966e-06 1.184710e-05 5.923552e-06 1.498331e-05 7.489509e-06 1.530000e-05 6.464228e-06 2.901725e-05 6.136994e-06 3.069470e-05 2.916403e-06 3.645348e-05 9.408189e-06
T17-2698 1.825000e-03 4.388673e-06 2.194337e-06 1.611053e-05 8.055265e-06 1.366150e-05 6.830750e-06 1.301529e-05 6.507644e-06 2.978022e-05 6.056505e-06 5.773167e-05 2.966809e-06 6.689758e-05 8.377581e-06
T17-2650 1.825000e-03 5.632711e-06 2.816355e-06 7.957421e-07 3.978710e-07 1.777561e-05 7.686179e-06 2.596123e-05 5.949279e-06 3.593979e-05 5.514520e-06 4.790587e-05 3.016215e-06 5.783922e-05 7.404837e-06
T17-2648 1.825000e-03 3.740934e-05 5.140263e-06 3.362174e-05 8.873825e-06 5.758642e-05 8.131250e-06 6.072856e-05 6.393351e-06 1.063999e-04 6.662578e-06 1.587741e-04 3.368680e-06 1.949586e-04 8.285963e-06
T17-2699 1.825000e-03 1.869260e-05 6.234783e-06 2.822834e-05 1.041725e-05 3.194334e-05 9.241735e-06 4.908258e-05 7.228159e-06 7.093809e-05 6.965501e-06 1.377116e-04 3.352217e-06 1.828991e-04 8.412976e-06
T17-2701 1.825000e-03 1.375230e-05 5.391657e-06 1.482535e-05 7.412673e-06 2.758957e-05 9.572798e-06 2.119653e-05 7.934298e-06 4.011599e-05 6.689399e-06 6.692691e-05 3.417227e-06 6.816477e-05 9.210859e-06
T17-2742 1.825000e-03 7.920431e-06 3.960215e-06 8.633448e-06 4.316724e-06 3.089338e-06 1.544669e-06 1.012129e-05 5.060643e-06 2.357418e-05 5.254049e-06 2.985124e-05 2.993765e-06 3.973970e-05 7.648749e-06
T17-2797 1.825000e-03 1.090679e-05 5.453396e-06 3.137709e-06 1.568854e-06 1.131956e-05 5.659778e-06 7.681899e-06 3.840949e-06 1.504193e-05 5.276173e-06 3.664909e-05 2.728989e-06 5.279161e-05 7.891245e-06
T17-2799 1.825000e-03 1.281025e-05 5.105756e-06 1.430144e-05 7.150722e-06 2.163314e-05 7.543196e-06 1.985008e-05 6.622883e-06 7.567400e-05 5.506920e-06 1.438403e-04 2.902649e-06 2.220352e-04 7.725615e-06
T17-2589 1.825000e-03 2.549667e-06 1.274833e-06 1.010186e-05 5.050931e-06 1.876361e-05 7.433479e-06 3.598116e-06 1.799058e-06 1.961312e-05 5.488587e-06 2.812554e-05 2.681300e-06 2.744583e-05 7.640383e-06
T17-2544 1.825000e-03 2.800268e-05 6.490410e-06 2.606671e-05 9.692544e-06 5.593293e-05 7.389017e-06 5.515510e-05 6.313338e-06 9.835621e-05 5.566079e-06 1.600499e-04 3.785894e-06 1.795082e-04 8.503154e-06
T17-2553 1.825000e-03 1.456750e-05 5.527100e-06 2.074113e-05 9.452955e-06 2.679352e-05 7.771391e-06 2.488652e-05 6.560470e-06 5.429701e-05 6.022014e-06 8.525482e-05 3.935982e-06 1.095350e-04 9.793344e-06
T17-2534 1.825000e-03 2.002291e-05 5.179361e-06 2.867731e-05 8.696397e-06 2.346644e-05 8.328355e-06 3.606182e-05 7.258793e-06 7.874977e-05 6.340598e-06 1.274331e-04 2.890968e-06 1.711678e-04 8.162845e-06
T17-2829 1.825000e-03 3.695614e-06 1.847807e-06 4.999342e-07 2.499671e-07 1.170426e-05 5.852130e-06 1.436487e-05 6.796372e-06 2.978536e-05 5.525925e-06 4.244146e-05 2.624805e-06 7.218114e-05 8.230617e-06
T17-2851 1.825000e-03 7.279901e-06 3.639951e-06 2.763844e-05 8.686154e-06 2.179529e-05 8.022403e-06 1.963538e-05 6.905635e-06 4.227833e-05 5.597333e-06 7.239529e-05 2.882146e-06 8.580456e-05 7.898574e-06
T17-2911 1.825000e-03 5.641708e-06 2.820854e-06 2.724766e-05 9.309297e-06 2.253640e-05 8.199145e-06 2.814371e-05 6.282321e-06 5.291416e-05 5.310507e-06 1.024430e-04 2.858582e-06 1.266418e-04 7.843132e-06
T17-2889 1.825000e-03 5.049730e-06 2.524865e-06 2.358236e-06 1.179118e-06 6.558982e-07 3.279491e-07 1.518800e-05 6.138096e-06 1.367129e-05 6.122823e-06 2.419688e-05 2.739957e-06 3.362975e-05 7.883320e-06
T17-2962 1.825000e-03 3.518839e-05 6.132787e-06 3.869515e-05 9.314573e-06 6.597663e-05 8.071675e-06 6.374562e-05 7.835357e-06 9.891895e-05 9.451858e-06 1.536368e-04 1.351961e-05 1.044329e-04 2.457732e-05
T17-2198 1.825000e-03 2.574752e-07 1.287376e-07 1.736104e-05 8.680519e-06 1.181794e-05 5.908971e-06 1.860969e-05 6.864556e-06 2.297212e-05 5.704643e-06 2.663511e-05 3.100342e-06 3.943785e-05 9.572462e-06
T17-2369 1.825000e-03 1.220434e-05 5.513628e-06 1.658648e-05 8.293239e-06 1.357664e-05 6.788322e-06 2.161998e-05 6.235063e-06 3.463125e-05 5.459834e-06 4.294993e-05 2.819433e-06 6.491719e-05 8.088838e-06
T17-2194 1.825000e-03 2.913093e-05 6.272438e-06 2.213879e-05 9.061079e-06 3.075287e-05 8.257739e-06 4.286387e-05 6.895742e-06 5.920226e-05 5.745300e-06 8.682964e-05 3.425901e-06 1.142601e-04 9.517051e-06
T17-2233 1.825000e-03 1.256849e-05 6.280317e-06 2.118904e-05 9.705630e-06 3.507242e-05 7.746478e-06 2.225658e-05 7.588528e-06 4.020891e-05 5.865790e-06 5.135524e-05 2.864842e-06 6.837209e-05 8.430889e-06
T17-2361 1.825000e-03 1.891559e-05 5.087227e-06 2.132423e-05 1.066211e-05 2.961808e-05 7.605805e-06 3.605988e-05 6.168297e-06 5.819844e-05 5.843951e-06 1.698859e-04 3.009790e-06 2.370433e-04 7.592139e-06
T17-2358 1.825000e-03 4.708210e-06 2.354105e-06 3.584539e-06 1.792269e-06 6.242844e-06 3.121422e-06 1.063249e-05 5.316246e-06 4.040537e-05 5.981807e-06 5.908281e-05 3.107845e-06 1.048493e-04 8.454928e-06
T17-2415 1.825000e-03 3.890710e-07 1.945355e-07 6.086787e-06 3.043394e-06 1.149509e-05 5.747545e-06 4.575664e-06 2.287832e-06 2.108423e-05 5.125271e-06 4.277566e-05 2.499915e-06 5.104214e-05 8.030829e-06
T17-2327 1.825000e-03 7.955263e-06 3.977632e-06 8.560659e-06 4.280330e-06 3.780183e-06 1.890091e-06 4.339021e-06 2.169510e-06 1.466686e-05 5.662581e-06 2.868058e-05 2.654563e-06 5.310840e-05 7.774044e-06
T17-2346 1.825000e-03 2.231822e-06 1.115911e-06 6.786426e-06 3.393213e-06 1.438612e-06 7.193059e-07 7.987177e-06 3.993589e-06 1.784235e-05 5.658357e-06 2.700432e-05 2.776152e-06 3.342158e-05 8.714628e-06
T17-2387 1.825000e-03 1.951400e-06 9.757002e-07 4.930690e-06 2.465345e-06 4.280117e-06 2.140058e-06 1.607123e-06 8.035613e-07 1.673866e-05 5.050647e-06 3.021908e-05 2.574004e-06 3.159634e-05 7.180974e-06
T17-2211 1.825000e-03 1.615448e-05 5.861087e-06 1.530911e-05 7.654553e-06 2.275126e-05 8.421834e-06 2.657703e-05 7.175175e-06 4.219633e-05 5.221002e-06 6.049942e-05 2.737404e-06 8.314016e-05 7.433090e-06
T17-2285 1.825000e-03 1.338719e-05 6.638209e-06 2.656029e-05 9.643832e-06 1.975490e-05 7.113241e-06 2.516639e-05 6.502089e-06 4.467741e-05 5.481483e-06 8.267232e-05 3.013961e-06 1.176647e-04 7.598874e-06
T17-2232 1.825000e-03 2.864234e-05 6.117343e-06 4.608982e-05 9.758529e-06 4.712384e-05 7.420733e-06 5.598788e-05 6.567729e-06 1.033877e-04 5.561620e-06 1.442072e-04 3.104355e-06 1.872200e-04 8.379792e-06
T17-2264 1.825000e-03 9.812215e-06 4.906107e-06 1.709129e-05 8.545645e-06 8.450023e-06 4.225011e-06 6.211621e-06 3.105810e-06 1.937040e-05 5.323282e-06 3.815651e-05 3.202966e-06 5.956792e-05 8.495679e-06
T17-2331 1.825000e-03 7.978691e-06 3.989346e-06 6.004302e-06 3.002151e-06 2.271510e-05 7.586156e-06 1.667736e-05 6.472658e-06 2.107786e-05 5.546688e-06 3.517765e-05 3.395386e-06 8.118206e-05 1.132442e-05
T17-2522 1.825000e-03 1.634473e-05 5.263914e-06 1.826897e-05 9.134484e-06 3.868225e-05 8.325952e-06 4.458392e-05 6.120300e-06 5.817681e-05 5.868095e-06 9.266281e-05 2.933375e-06 1.043483e-04 7.838035e-06
T17-2596 1.825000e-03 1.255983e-05 5.722801e-06 1.090504e-05 5.452522e-06 2.225338e-05 7.336603e-06 4.140112e-05 6.320051e-06 6.232082e-05 5.048177e-06 9.610305e-05 5.459051e-06 1.145261e-04 1.657292e-05
T17-2602 1.825000e-03 2.127966e-05 5.633385e-06 1.631200e-05 8.155998e-06 3.121734e-05 7.652528e-06 3.508347e-05 6.251636e-06 7.770700e-05 5.520911e-06 1.165601e-04 3.057374e-06 1.670332e-04 8.136607e-06
T17-2687 1.825000e-03 1.520793e-05 5.379752e-06 1.666069e-05 8.330347e-06 1.180482e-05 5.902412e-06 1.470827e-05 6.492193e-06 2.486315e-05 5.300295e-06 5.271223e-05 2.921186e-06 7.343717e-05 8.563961e-06
T17-2636 1.825000e-03 1.222797e-05 5.777498e-06 7.823504e-06 3.911752e-06 1.946835e-05 8.006306e-06 6.207008e-06 3.103504e-06 4.283508e-05 5.812057e-06 6.892654e-05 3.106956e-06 1.135085e-04 9.424251e-06
T17-2732 1.825000e-03 3.533047e-06 1.766524e-06 4.279843e-06 2.139921e-06 2.588919e-06 1.294459e-06 9.663748e-06 4.831874e-06 2.498309e-05 7.281264e-06 4.687826e-05 4.488635e-06 5.931556e-05 1.010828e-05
T17-2743 1.825000e-03 1.870209e-05 5.376864e-06 1.076558e-05 5.382791e-06 4.076418e-05 7.150474e-06 3.390976e-05 7.319823e-06 6.425045e-05 6.496020e-06 1.087091e-04 3.400277e-06 1.327305e-04 8.865929e-06
T17-2686 1.825000e-03 5.711168e-06 2.855584e-06 4.414794e-06 2.207397e-06 7.671280e-06 3.835640e-06 7.645161e-06 3.822580e-06 1.842983e-05 6.483065e-06 3.740398e-05 2.553271e-06 5.372135e-05 7.625746e-06
T17-2647 1.825000e-03 4.827608e-06 2.413804e-06 7.716176e-06 3.858088e-06 4.433185e-06 2.216593e-06 4.337234e-06 2.168617e-06 2.200810e-05 6.316554e-06 2.930182e-05 2.774455e-06 3.525532e-05 7.972808e-06
T17-2692 1.825000e-03 1.161226e-05 5.343909e-06 1.561378e-05 7.806890e-06 2.144723e-05 7.900038e-06 2.047460e-05 6.626696e-06 4.193340e-05 5.489485e-06 7.204919e-05 2.814530e-06 9.913195e-05 8.976097e-06
T17-2726 1.825000e-03 1.600391e-05 4.804837e-06 3.051639e-05 9.240385e-06 2.248861e-05 6.736006e-06 2.384653e-05 6.405973e-06 6.198779e-05 5.559458e-06 1.146628e-04 3.054324e-06 1.616893e-04 8.704050e-06
T17-2573 1.825000e-03 3.876762e-07 1.938381e-07 8.365344e-06 4.182672e-06 5.497435e-06 2.748718e-06 6.990417e-06 3.495209e-06 2.152852e-05 5.649265e-06 1.307182e-05 3.088769e-06 2.882719e-05 9.337018e-06
T17-2448 1.825000e-03 7.498843e-06 3.749421e-06 2.190915e-06 1.095457e-06 1.403308e-05 7.016542e-06 1.389624e-06 6.948122e-07 1.406360e-05 5.438504e-06 2.536267e-05 3.135355e-06 3.737332e-05 7.848865e-06
T17-2533 1.825000e-03 1.539211e-05 4.950177e-06 7.279881e-06 3.639941e-06 2.807622e-05 6.941987e-06 2.401249e-05 6.799440e-06 3.992096e-05 5.895057e-06 6.083689e-05 2.672820e-06 9.593283e-05 7.817878e-06
T17-2713 1.825000e-03 1.581047e-06 7.905234e-07 6.497665e-06 3.248833e-06 5.687256e-06 2.843628e-06 6.351000e-07 3.175500e-07 1.948191e-05 5.250373e-06 1.008058e-05 3.022281e-06 1.859943e-05 8.180950e-06
T17-2731 1.825000e-03 2.938179e-05 5.947627e-06 2.042452e-05 1.021226e-05 4.450081e-05 9.062175e-06 5.489329e-05 7.897304e-06 6.715380e-05 6.615539e-06 1.033291e-04 3.894437e-06 1.058744e-04 9.441065e-06
T17-2679 1.825000e-03 2.862041e-07 1.431020e-07 1.223060e-05 6.115302e-06 1.113919e-05 5.569595e-06 1.021357e-05 5.106783e-06 1.821884e-05 5.321373e-06 3.109736e-05 2.937041e-06 5.233500e-05 7.691238e-06
T17-2684 1.825000e-03 9.410762e-06 4.705381e-06 7.013978e-06 3.506989e-06 9.968367e-06 4.984184e-06 1.033743e-05 5.168715e-06 3.612610e-05 5.362921e-06 6.513262e-05 2.808384e-06 8.649675e-05 8.048868e-06
T17-2856 1.825000e-03 4.255279e-05 5.919052e-06 4.721827e-05 8.512362e-06 4.339367e-05 7.705817e-06 5.165638e-05 6.493058e-06 9.869574e-05 5.717308e-06 1.494577e-04 2.602689e-06 1.858714e-04 8.170499e-06
T17-2741 1.825000e-03 2.252605e-05 4.993832e-06 1.008956e-05 5.044780e-06 1.504031e-05 7.520153e-06 3.077300e-05 6.168202e-06 4.831142e-05 5.825551e-06 8.119745e-05 2.739359e-06 1.026199e-04 7.100628e-06
T17-2859 1.825000e-03 1.036664e-05 5.183319e-06 1.462773e-05 7.313865e-06 3.528963e-06 1.764481e-06 6.430594e-06 3.215297e-06 2.012848e-05 6.153627e-06 4.074353e-05 2.786432e-06 7.239716e-05 7.788025e-06
T17-2753 1.825000e-03 3.054017e-05 5.175684e-06 3.069811e-05 8.932409e-06 4.198812e-05 7.489402e-06 5.609263e-05 6.389087e-06 8.500235e-05 4.935527e-06 1.413503e-04 3.265969e-06 1.730396e-04 8.767016e-06
T17-2818 1.825000e-03 1.180197e-05 5.605997e-06 1.771029e-05 8.855146e-06 1.459654e-05 7.124292e-06 1.707270e-05 6.620014e-06 3.420881e-05 7.583227e-06 8.338718e-05 6.466439e-06 7.595316e-05 1.016583e-05
T17-2749 1.825000e-03 1.324664e-06 6.623319e-07 1.267196e-05 6.335981e-06 8.114515e-06 4.057258e-06 1.448980e-05 6.662603e-06 1.272342e-05 5.783658e-06 2.956996e-05 2.893399e-06 4.645182e-05 7.930467e-06
T17-2447 1.825000e-03 5.372054e-06 2.686027e-06 7.686286e-06 3.843143e-06 2.745133e-05 6.964395e-06 1.960786e-05 6.125949e-06 5.493850e-05 5.354252e-06 8.628414e-05 3.344228e-06 1.332975e-04 7.412969e-06
T17-2510 1.825000e-03 4.793449e-06 2.396725e-06 2.066028e-05 1.033014e-05 6.494695e-06 3.247348e-06 2.375042e-05 7.383797e-06 2.554639e-05 5.623916e-06 2.819703e-05 2.889960e-06 4.039819e-05 7.557407e-06
T17-2546 1.825000e-03 8.405144e-07 4.202572e-07 3.571035e-06 1.785518e-06 1.594317e-05 7.685146e-06 1.205567e-05 6.027836e-06 1.981728e-05 5.609288e-06 2.401695e-05 2.749214e-06 3.584208e-05 7.867315e-06
T17-2478 1.825000e-03 7.875566e-06 3.937783e-06 1.307831e-05 6.539154e-06 6.521508e-06 3.260754e-06 5.452450e-06 2.726225e-06 1.762372e-05 6.017357e-06 1.672476e-05 3.458312e-06 2.678588e-05 7.762184e-06
T17-2516 1.825000e-03 1.076298e-06 5.381490e-07 6.068118e-06 3.034059e-06 6.402070e-06 3.201035e-06 1.492377e-05 7.461886e-06 1.096083e-05 5.013270e-06 3.410144e-05 2.849514e-06 4.866437e-05 7.284578e-06
T17-2594 1.825000e-03 7.204775e-06 3.602388e-06 4.586017e-06 2.293008e-06 1.806458e-05 7.406514e-06 1.791780e-05 6.523715e-06 2.086487e-05 5.265323e-06 2.382688e-05 2.749218e-06 3.970311e-05 8.412452e-06
T17-2585 1.825000e-03 2.340216e-05 6.059199e-06 1.389449e-05 6.947244e-06 4.919088e-05 7.500009e-06 4.085929e-05 6.899807e-06 7.788666e-05 5.407290e-06 1.646960e-04 2.863923e-06 2.172750e-04 8.757191e-06
T17-2685 1.825000e-03 1.697295e-05 5.923230e-06 7.250049e-06 3.625025e-06 1.513053e-05 7.565267e-06 1.487132e-05 7.085854e-06 2.852281e-05 5.750861e-06 4.610272e-05 3.042801e-06 6.288870e-05 7.699246e-06
T17-2550 1.825000e-03 2.701109e-05 6.255095e-06 4.010797e-05 9.289736e-06 5.880912e-05 8.223325e-06 5.151251e-05 8.111402e-06 1.029989e-04 5.922232e-06 1.587558e-04 2.743322e-06 2.145389e-04 8.697273e-06
T17-2440 1.825000e-03 1.059081e-05 5.038629e-06 1.041250e-05 5.206252e-06 2.465108e-05 7.350436e-06 1.815403e-05 6.823689e-06 4.140526e-05 6.063035e-06 6.202006e-05 3.021177e-06 8.721689e-05 7.550135e-06
T17-2451 1.825000e-03 8.738013e-06 4.369006e-06 1.387990e-05 6.939949e-06 1.351071e-06 6.755356e-07 1.176759e-05 5.883797e-06 1.466781e-05 6.003892e-06 2.708397e-05 2.800459e-06 2.827076e-05 7.517075e-06
T17-2519 1.825000e-03 1.341990e-05 5.101149e-06 3.159636e-05 9.176455e-06 2.474702e-05 7.770630e-06 4.632291e-05 6.996878e-06 1.054528e-04 5.697486e-06 1.871323e-04 2.836840e-06 2.821363e-04 8.599635e-06
T17-2520 1.825000e-03 5.900148e-05 6.217773e-06 5.605369e-05 1.004448e-05 9.606125e-05 8.383945e-06 1.004269e-04 6.227389e-06 1.685984e-04 6.071845e-06 2.428208e-04 4.302968e-06 2.799802e-04 9.392381e-06
T17-2230 1.825000e-03 1.270959e-05 5.853796e-06 1.235680e-05 6.178401e-06 6.536549e-06 3.268274e-06 2.571627e-05 8.085364e-06 5.669626e-05 5.756740e-06 9.588332e-05 3.216289e-06 1.585456e-04 9.149285e-06
T17-2273 1.825000e-03 1.192965e-05 5.602178e-06 1.554430e-05 7.772151e-06 8.886449e-06 4.443224e-06 2.208785e-05 6.026330e-06 2.263328e-05 5.129659e-06 4.402513e-05 2.876930e-06 4.527680e-05 7.969897e-06
T17-2309 1.825000e-03 6.918194e-06 3.459097e-06 1.144867e-05 5.724334e-06 7.859789e-06 3.929894e-06 7.761676e-06 3.880838e-06 1.371796e-05 5.400871e-06 2.867367e-05 2.860782e-06 4.522647e-05 7.779842e-06
T17-2272 1.825000e-03 8.170872e-06 4.085436e-06 2.018167e-05 1.008068e-05 1.899904e-05 7.312358e-06 1.740856e-05 7.211718e-06 2.214674e-05 5.738438e-06 4.298405e-05 3.031181e-06 6.221067e-05 8.187001e-06
T17-3019 1.825000e-03 3.535644e-05 6.730708e-06 3.952493e-05 1.073569e-05 5.684165e-05 8.915804e-06 7.101150e-05 6.863030e-06 1.201853e-04 6.146971e-06 1.985425e-04 4.059774e-06 2.605280e-04 9.422731e-06
T17-2999 1.825000e-03 7.479193e-06 3.739597e-06 1.359188e-05 6.795939e-06 2.870757e-05 9.168348e-06 2.772092e-05 7.147825e-06 3.677348e-05 5.760482e-06 1.227013e-04 3.028498e-06 2.191216e-04 8.348623e-06
T17-1425 1.825000e-03 9.229943e-06 4.299022e-06 9.078379e-07 4.539190e-07 1.124039e-05 5.620193e-06 1.601760e-05 6.148148e-06 1.747661e-05 5.136217e-06 4.322624e-05 2.831531e-06 5.967654e-05 6.961083e-06
